800 600 
1 0.3
RP 3
KP 49 101 0
KW 255 1 0
EL 302 52 101 100 1
ST
2 0.3
RP 3
KP 49 102 0
KW 255 2 0
EL 304 54 102 100 1
ST
3 0.3
RP 3
KP 49 103 0
KW 255 3 0
EL 306 56 103 100 1
ST
4 0.3
RP 3
KP 49 104 0
KW 255 4 0
EL 308 58 104 100 1
ST
5 0.3
RP 3
KP 49 105 0
KW 255 5 0
EL 310 60 105 100 1
ST
6 0.3
RP 3
KP 49 106 0
KW 255 6 0
EL 312 62 106 100 1
ST
7 0.3
RP 3
KP 49 107 0
KW 255 7 0
EL 314 64 107 100 1
ST
8 0.3
RP 3
KP 49 108 0
KW 255 8 0
EL 316 66 108 100 1
ST
9 0.3
RP 3
KP 49 109 0
KW 255 9 0
EL 318 68 109 100 1
ST
10 0.3
RP 3
KP 49 110 0
KW 255 10 0
EL 320 70 110 100 1
ST
11 0.3
RP 3
KP 49 111 0
KW 255 11 0
EL 322 72 111 100 1
ST
12 0.3
RP 3
KP 49 112 0
KW 255 12 0
EL 324 74 112 100 1
ST
13 0.3
RP 3
KP 49 113 0
KW 255 13 0
EL 326 76 113 100 1
ST
14 0.3
RP 3
KP 49 114 0
KW 255 14 0
EL 328 78 114 100 1
ST
15 0.3
RP 3
KP 49 115 0
KW 255 15 0
EL 330 80 115 100 1
ST
16 0.3
RP 3
KP 49 116 0
KW 255 16 0
EL 332 82 116 100 1
ST
17 0.3
RP 3
KP 49 117 0
KW 255 17 0
EL 334 84 117 100 1
ST
18 0.3
RP 3
KP 49 118 0
KW 255 18 0
EL 336 86 118 100 1
ST
19 0.3
RP 3
KP 49 119 0
KW 255 19 0
EL 338 88 119 100 1
ST
20 0.3
RP 3
KP 49 120 0
KW 255 20 0
EL 340 90 120 100 1
ST
21 0.3
RP 3
KP 49 121 0
KW 255 21 0
EL 342 92 121 100 1
ST
22 0.3
RP 3
KP 49 122 0
KW 255 22 0
EL 344 94 122 100 1
ST
23 0.3
RP 3
KP 49 123 0
KW 255 23 0
EL 346 96 123 100 1
ST
24 0.3
RP 3
KP 49 124 0
KW 255 24 0
EL 348 98 124 100 1
ST
25 0.3
RP 3
KP 49 125 0
KW 255 25 0
EL 350 100 125 100 1
ST
26 0.3
RP 3
KP 49 126 0
KW 255 26 0
EL 352 102 126 100 1
ST
27 0.3
RP 3
KP 49 127 0
KW 255 27 0
EL 354 104 127 100 1
ST
28 0.3
RP 3
KP 49 128 0
KW 255 28 0
EL 356 106 128 100 1
ST
29 0.3
RP 3
KP 49 129 0
KW 255 29 0
EL 358 108 129 100 1
ST
30 0.3
RP 3
KP 49 130 0
KW 255 30 0
EL 360 110 130 100 1
ST
31 0.3
RP 3
KP 49 131 0
KW 255 31 0
EL 362 112 131 100 1
ST
32 0.3
RP 3
KP 49 132 0
KW 255 32 0
EL 364 114 132 100 1
ST
33 0.3
RP 3
KP 49 133 0
KW 255 33 0
EL 366 116 133 100 1
ST
34 0.3
RP 3
KP 49 134 0
KW 255 34 0
EL 368 118 134 100 1
ST
35 0.3
RP 3
KP 49 135 0
KW 255 35 0
EL 370 120 135 100 1
ST
36 0.3
RP 3
KP 49 136 0
KW 255 36 0
EL 372 122 136 100 1
ST
37 0.3
RP 3
KP 49 137 0
KW 255 37 0
EL 374 124 137 100 1
ST
38 0.3
RP 3
KP 49 138 0
KW 255 38 0
EL 376 126 138 100 1
ST
39 0.3
RP 3
KP 49 139 0
KW 255 39 0
EL 378 128 139 100 1
ST
40 0.3
RP 3
KP 49 140 0
KW 255 40 0
EL 380 130 140 100 1
ST
41 0.3
RP 3
KP 49 141 0
KW 255 41 0
EL 382 132 141 100 1
ST
42 0.3
RP 3
KP 49 142 0
KW 255 42 0
EL 384 134 142 100 1
ST
43 0.3
RP 3
KP 49 143 0
KW 255 43 0
EL 386 136 143 100 1
ST
44 0.3
RP 3
KP 49 144 0
KW 255 44 0
EL 388 138 144 100 1
ST
45 0.3
RP 3
KP 49 145 0
KW 255 45 0
EL 390 140 145 100 1
ST
46 0.3
RP 3
KP 49 146 0
KW 255 46 0
EL 392 142 146 100 1
ST
47 0.3
RP 3
KP 49 147 0
KW 255 47 0
EL 394 144 147 100 1
ST
48 0.3
RP 3
KP 49 148 0
KW 255 48 0
EL 396 146 148 100 1
ST
49 0.3
RP 3
KP 49 149 0
KW 255 49 0
EL 398 148 149 100 1
ST
50 0.3
RP 3
KP 49 150 0
KW 255 50 0
EL 400 150 150 100 1
ST
51 0.3
RP 3
KP 49 151 0
KW 255 51 0
EL 402 152 151 100 1
ST
52 0.3
RP 3
KP 49 152 0
KW 255 52 0
EL 404 154 152 100 1
ST
53 0.3
RP 3
KP 49 153 0
KW 255 53 0
EL 406 156 153 100 1
ST
54 0.3
RP 3
KP 49 154 0
KW 255 54 0
EL 408 158 154 100 1
ST
55 0.3
RP 3
KP 49 155 0
KW 255 55 0
EL 410 160 155 100 1
ST
56 0.3
RP 3
KP 49 156 0
KW 255 56 0
EL 412 162 156 100 1
ST
57 0.3
RP 3
KP 49 157 0
KW 255 57 0
EL 414 164 157 100 1
ST
58 0.3
RP 3
KP 49 158 0
KW 255 58 0
EL 416 166 158 100 1
ST
59 0.3
RP 3
KP 49 159 0
KW 255 59 0
EL 418 168 159 100 1
ST
60 0.3
RP 3
KP 49 160 0
KW 255 60 0
EL 420 170 160 100 1
ST
61 0.3
RP 3
KP 49 161 0
KW 255 61 0
EL 422 172 161 100 1
ST
62 0.3
RP 3
KP 49 162 0
KW 255 62 0
EL 424 174 162 100 1
ST
63 0.3
RP 3
KP 49 163 0
KW 255 63 0
EL 426 176 163 100 1
ST
64 0.3
RP 3
KP 49 164 0
KW 255 64 0
EL 428 178 164 100 1
ST
65 0.3
RP 3
KP 49 165 0
KW 255 65 0
EL 430 180 165 100 1
ST
66 0.3
RP 3
KP 49 166 0
KW 255 66 0
EL 432 182 166 100 1
ST
67 0.3
RP 3
KP 49 167 0
KW 255 67 0
EL 434 184 167 100 1
ST
68 0.3
RP 3
KP 49 168 0
KW 255 68 0
EL 436 186 168 100 1
ST
69 0.3
RP 3
KP 49 169 0
KW 255 69 0
EL 438 188 169 100 1
ST
70 0.3
RP 3
KP 49 170 0
KW 255 70 0
EL 440 190 170 100 1
ST
71 0.3
RP 3
KP 49 171 0
KW 255 71 0
EL 442 192 171 100 1
ST
72 0.3
RP 3
KP 49 172 0
KW 255 72 0
EL 444 194 172 100 1
ST
73 0.3
RP 3
KP 49 173 0
KW 255 73 0
EL 446 196 173 100 1
ST
74 0.3
RP 3
KP 49 174 0
KW 255 74 0
EL 448 198 174 100 1
ST
75 0.3
RP 3
KP 49 175 0
KW 255 75 0
EL 450 200 175 100 1
ST
76 0.3
RP 3
KP 49 176 0
KW 255 76 0
EL 452 202 176 100 1
ST
77 0.3
RP 3
KP 49 177 0
KW 255 77 0
EL 454 204 177 100 1
ST
78 0.3
RP 3
KP 49 178 0
KW 255 78 0
EL 456 206 178 100 1
ST
79 0.3
RP 3
KP 49 179 0
KW 255 79 0
EL 458 208 179 100 1
ST
80 0.3
RP 3
KP 49 180 0
KW 255 80 0
EL 460 210 180 100 1
ST
81 0.3
RP 3
KP 49 181 0
KW 255 81 0
EL 462 212 181 100 1
ST
82 0.3
RP 3
KP 49 182 0
KW 255 82 0
EL 464 214 182 100 1
ST
83 0.3
RP 3
KP 49 183 0
KW 255 83 0
EL 466 216 183 100 1
ST
84 0.3
RP 3
KP 49 184 0
KW 255 84 0
EL 468 218 184 100 1
ST
85 0.3
RP 3
KP 49 185 0
KW 255 85 0
EL 470 220 185 100 1
ST
86 0.3
RP 3
KP 49 186 0
KW 255 86 0
EL 472 222 186 100 1
ST
87 0.3
RP 3
KP 49 187 0
KW 255 87 0
EL 474 224 187 100 1
ST
88 0.3
RP 3
KP 49 188 0
KW 255 88 0
EL 476 226 188 100 1
ST
89 0.3
RP 3
KP 49 189 0
KW 255 89 0
EL 478 228 189 100 1
ST
90 0.3
RP 3
KP 49 190 0
KW 255 90 0
EL 480 230 190 100 1
ST
91 0.3
RP 3
KP 49 191 0
KW 255 91 0
EL 482 232 191 100 1
ST
92 0.3
RP 3
KP 49 192 0
KW 255 92 0
EL 484 234 192 100 1
ST
93 0.3
RP 3
KP 49 193 0
KW 255 93 0
EL 486 236 193 100 1
ST
94 0.3
RP 3
KP 49 194 0
KW 255 94 0
EL 488 238 194 100 1
ST
95 0.3
RP 3
KP 49 195 0
KW 255 95 0
EL 490 240 195 100 1
ST
96 0.3
RP 3
KP 49 196 0
KW 255 96 0
EL 492 242 196 100 1
ST
97 0.3
RP 3
KP 49 197 0
KW 255 97 0
EL 494 244 197 100 1
ST
98 0.3
RP 3
KP 49 198 0
KW 255 98 0
EL 496 246 198 100 1
ST
99 0.3
RP 3
KP 49 199 0
KW 255 99 0
EL 498 248 199 100 1
ST
100 0.3
RP 3
KP 49 200 0
KW 255 100 0
EL 500 250 200 100 1
ST
101 0.3
RP 3
KP 49 201 0
KW 255 101 0
EL 502 252 201 100 1
ST
102 0.3
RP 3
KP 49 202 0
KW 255 102 0
EL 504 254 202 100 1
ST
103 0.3
RP 3
KP 49 203 0
KW 255 103 0
EL 506 256 203 100 1
ST
104 0.3
RP 3
KP 49 204 0
KW 255 104 0
EL 508 258 204 100 1
ST
105 0.3
RP 3
KP 49 205 0
KW 255 105 0
EL 510 260 205 100 1
ST
106 0.3
RP 3
KP 49 206 0
KW 255 106 0
EL 512 262 206 100 1
ST
107 0.3
RP 3
KP 49 207 0
KW 255 107 0
EL 514 264 207 100 1
ST
108 0.3
RP 3
KP 49 208 0
KW 255 108 0
EL 516 266 208 100 1
ST
109 0.3
RP 3
KP 49 209 0
KW 255 109 0
EL 518 268 209 100 1
ST
110 0.3
RP 3
KP 49 210 0
KW 255 110 0
EL 520 270 210 100 1
ST
111 0.3
RP 3
KP 49 211 0
KW 255 111 0
EL 522 272 211 100 1
ST
112 0.3
RP 3
KP 49 212 0
KW 255 112 0
EL 524 274 212 100 1
ST
113 0.3
RP 3
KP 49 213 0
KW 255 113 0
EL 526 276 213 100 1
ST
114 0.3
RP 3
KP 49 214 0
KW 255 114 0
EL 528 278 214 100 1
ST
115 0.3
RP 3
KP 49 215 0
KW 255 115 0
EL 530 280 215 100 1
ST
116 0.3
RP 3
KP 49 216 0
KW 255 116 0
EL 532 282 216 100 1
ST
117 0.3
RP 3
KP 49 217 0
KW 255 117 0
EL 534 284 217 100 1
ST
118 0.3
RP 3
KP 49 218 0
KW 255 118 0
EL 536 286 218 100 1
ST
119 0.3
RP 3
KP 49 219 0
KW 255 119 0
EL 538 288 219 100 1
ST
120 0.3
RP 3
KP 49 220 0
KW 255 120 0
EL 540 290 220 100 1
ST
121 0.3
RP 3
KP 49 221 0
KW 255 121 0
EL 542 292 221 100 1
ST
122 0.3
RP 3
KP 49 222 0
KW 255 122 0
EL 544 294 222 100 1
ST
123 0.3
RP 3
KP 49 223 0
KW 255 123 0
EL 546 296 223 100 1
ST
124 0.3
RP 3
KP 49 224 0
KW 255 124 0
EL 548 298 224 100 1
ST
125 0.3
RP 3
KP 49 225 0
KW 255 125 0
EL 550 300 225 100 1
ST
126 0.3
RP 3
KP 49 226 0
KW 255 126 0
EL 552 302 226 100 1
ST
127 0.3
RP 3
KP 49 227 0
KW 255 127 0
EL 554 304 227 100 1
ST
128 0.3
RP 3
KP 49 228 0
KW 255 128 0
EL 556 306 228 100 1
ST
129 0.3
RP 3
KP 49 229 0
KW 255 129 0
EL 558 308 229 100 1
ST
130 0.3
RP 3
KP 49 230 0
KW 255 130 0
EL 560 310 230 100 1
ST
131 0.3
RP 3
KP 49 231 0
KW 255 131 0
EL 562 312 231 100 1
ST
132 0.3
RP 3
KP 49 232 0
KW 255 132 0
EL 564 314 232 100 1
ST
133 0.3
RP 3
KP 49 233 0
KW 255 133 0
EL 566 316 233 100 1
ST
134 0.3
RP 3
KP 49 234 0
KW 255 134 0
EL 568 318 234 100 1
ST
135 0.3
RP 3
KP 49 235 0
KW 255 135 0
EL 566 320 235 100 1
ST
136 0.3
RP 3
KP 49 236 0
KW 255 136 0
EL 564 322 236 100 1
ST
137 0.3
RP 3
KP 49 237 0
KW 255 137 0
EL 562 324 237 100 1
ST
138 0.3
RP 3
KP 49 238 0
KW 255 138 0
EL 560 326 238 100 1
ST
139 0.3
RP 3
KP 49 239 0
KW 255 139 0
EL 558 328 239 100 1
ST
140 0.3
RP 3
KP 49 240 0
KW 255 140 0
EL 556 330 240 100 1
ST
141 0.3
RP 3
KP 49 241 0
KW 255 141 0
EL 554 332 241 100 1
ST
142 0.3
RP 3
KP 49 242 0
KW 255 142 0
EL 552 334 242 100 1
ST
143 0.3
RP 3
KP 49 243 0
KW 255 143 0
EL 550 336 243 100 1
ST
144 0.3
RP 3
KP 49 244 0
KW 255 144 0
EL 548 338 244 100 1
ST
145 0.3
RP 3
KP 49 245 0
KW 255 145 0
EL 546 340 245 100 1
ST
146 0.3
RP 3
KP 49 246 0
KW 255 146 0
EL 544 342 246 100 1
ST
147 0.3
RP 3
KP 49 247 0
KW 255 147 0
EL 542 344 247 100 1
ST
148 0.3
RP 3
KP 49 248 0
KW 255 148 0
EL 540 346 248 100 1
ST
149 0.3
RP 3
KP 49 249 0
KW 255 149 0
EL 538 348 249 100 1
ST
150 0.3
RP 3
KP 49 250 0
KW 255 150 0
EL 536 350 250 100 1
ST
151 0.3
RP 3
KP 49 251 0
KW 255 151 0
EL 534 352 251 100 1
ST
152 0.3
RP 3
KP 49 252 0
KW 255 152 0
EL 532 354 252 100 1
ST
153 0.3
RP 3
KP 49 253 0
KW 255 153 0
EL 530 356 253 100 1
ST
154 0.3
RP 3
KP 49 254 0
KW 255 154 0
EL 528 358 254 100 1
ST
155 0.3
RP 3
KP 49 255 0
KW 255 155 0
EL 526 360 255 100 1
ST
156 0.3
RP 3
KP 49 0 0
KW 255 156 0
EL 524 362 256 100 1
ST
157 0.3
RP 3
KP 49 1 0
KW 255 157 0
EL 522 364 257 100 1
ST
158 0.3
RP 3
KP 49 2 0
KW 255 158 0
EL 520 366 258 100 1
ST
159 0.3
RP 3
KP 49 3 0
KW 255 159 0
EL 518 368 259 100 1
ST
160 0.3
RP 3
KP 49 4 0
KW 255 160 0
EL 516 370 260 100 1
ST
161 0.3
RP 3
KP 49 5 0
KW 255 161 0
EL 514 372 261 100 1
ST
162 0.3
RP 3
KP 49 6 0
KW 255 162 0
EL 512 374 262 100 1
ST
163 0.3
RP 3
KP 49 7 0
KW 255 163 0
EL 510 376 263 100 1
ST
164 0.3
RP 3
KP 49 8 0
KW 255 164 0
EL 508 378 264 100 1
ST
165 0.3
RP 3
KP 49 9 0
KW 255 165 0
EL 506 380 265 100 1
ST
166 0.3
RP 3
KP 49 10 0
KW 255 166 0
EL 504 382 266 100 1
ST
167 0.3
RP 3
KP 49 11 0
KW 255 167 0
EL 502 384 267 100 1
ST
168 0.3
RP 3
KP 49 12 0
KW 255 168 0
EL 500 386 268 100 1
ST
169 0.3
RP 3
KP 49 13 0
KW 255 169 0
EL 498 388 269 100 1
ST
170 0.3
RP 3
KP 49 14 0
KW 255 170 0
EL 496 390 270 100 1
ST
171 0.3
RP 3
KP 49 15 0
KW 255 171 0
EL 494 392 271 100 1
ST
172 0.3
RP 3
KP 49 16 0
KW 255 172 0
EL 492 394 272 100 1
ST
173 0.3
RP 3
KP 49 17 0
KW 255 173 0
EL 490 396 273 100 1
ST
174 0.3
RP 3
KP 49 18 0
KW 255 174 0
EL 488 398 274 100 1
ST
175 0.3
RP 3
KP 49 19 0
KW 255 175 0
EL 486 400 275 100 1
ST
176 0.3
RP 3
KP 49 20 0
KW 255 176 0
EL 484 402 276 100 1
ST
177 0.3
RP 3
KP 49 21 0
KW 255 177 0
EL 482 404 277 100 1
ST
178 0.3
RP 3
KP 49 22 0
KW 255 178 0
EL 480 406 278 100 1
ST
179 0.3
RP 3
KP 49 23 0
KW 255 179 0
EL 478 408 279 100 1
ST
180 0.3
RP 3
KP 49 24 0
KW 255 180 0
EL 476 410 280 100 1
ST
181 0.3
RP 3
KP 49 25 0
KW 255 181 0
EL 474 412 281 100 1
ST
182 0.3
RP 3
KP 49 26 0
KW 255 182 0
EL 472 414 282 100 1
ST
183 0.3
RP 3
KP 49 27 0
KW 255 183 0
EL 470 416 283 100 1
ST
184 0.3
RP 3
KP 49 28 0
KW 255 184 0
EL 468 418 284 100 1
ST
185 0.3
RP 3
KP 49 29 0
KW 255 185 0
EL 466 420 285 100 1
ST
186 0.3
RP 3
KP 49 30 0
KW 255 186 0
EL 464 422 286 100 1
ST
187 0.3
RP 3
KP 49 31 0
KW 255 187 0
EL 462 424 287 100 1
ST
188 0.3
RP 3
KP 49 32 0
KW 255 188 0
EL 460 426 288 100 1
ST
189 0.3
RP 3
KP 49 33 0
KW 255 189 0
EL 458 428 289 100 1
ST
190 0.3
RP 3
KP 49 34 0
KW 255 190 0
EL 456 430 290 100 1
ST
191 0.3
RP 3
KP 49 35 0
KW 255 191 0
EL 454 432 291 100 1
ST
192 0.3
RP 3
KP 49 36 0
KW 255 192 0
EL 452 434 292 100 1
ST
193 0.3
RP 3
KP 49 37 0
KW 255 193 0
EL 450 436 293 100 1
ST
194 0.3
RP 3
KP 49 38 0
KW 255 194 0
EL 448 438 294 100 1
ST
195 0.3
RP 3
KP 49 39 0
KW 255 195 0
EL 446 440 295 100 1
ST
196 0.3
RP 3
KP 49 40 0
KW 255 196 0
EL 444 442 296 100 1
ST
197 0.3
RP 3
KP 49 41 0
KW 255 197 0
EL 442 444 297 100 1
ST
198 0.3
RP 3
KP 49 42 0
KW 255 198 0
EL 440 446 298 100 1
ST
199 0.3
RP 3
KP 49 43 0
KW 255 199 0
EL 438 448 299 100 1
ST
200 0.3
RP 3
KP 49 44 0
KW 255 200 0
EL 436 450 300 100 1
ST
201 0.3
RP 3
KP 49 45 0
KW 255 201 0
EL 434 452 301 100 1
ST
202 0.3
RP 3
KP 49 46 0
KW 255 202 0
EL 432 454 302 100 1
ST
203 0.3
RP 3
KP 49 47 0
KW 255 203 0
EL 430 456 303 100 1
ST
204 0.3
RP 3
KP 49 48 0
KW 255 204 0
EL 428 458 304 100 1
ST
205 0.3
RP 3
KP 49 49 0
KW 255 205 0
EL 426 460 305 100 1
ST
206 0.3
RP 3
KP 49 50 0
KW 255 206 0
EL 424 462 306 100 1
ST
207 0.3
RP 3
KP 49 51 0
KW 255 207 0
EL 422 464 307 100 1
ST
208 0.3
RP 3
KP 49 52 0
KW 255 208 0
EL 420 466 308 100 1
ST
209 0.3
RP 3
KP 49 53 0
KW 255 209 0
EL 418 468 309 100 1
ST
210 0.3
RP 3
KP 49 54 0
KW 255 210 0
EL 416 470 310 100 1
ST
211 0.3
RP 3
KP 49 55 0
KW 255 211 0
EL 414 472 311 100 1
ST
212 0.3
RP 3
KP 49 56 0
KW 255 212 0
EL 412 474 312 100 1
ST
213 0.3
RP 3
KP 49 57 0
KW 255 213 0
EL 410 476 313 100 1
ST
214 0.3
RP 3
KP 49 58 0
KW 255 214 0
EL 408 478 314 100 1
ST
215 0.3
RP 3
KP 49 59 0
KW 255 215 0
EL 406 480 315 100 1
ST
216 0.3
RP 3
KP 49 60 0
KW 255 216 0
EL 404 482 316 100 1
ST
217 0.3
RP 3
KP 49 61 0
KW 255 217 0
EL 402 484 317 100 1
ST
218 0.3
RP 3
KP 49 62 0
KW 255 218 0
EL 400 486 318 100 1
ST
219 0.3
RP 3
KP 49 63 0
KW 255 219 0
EL 398 488 319 100 1
ST
220 0.3
RP 3
KP 49 64 0
KW 255 220 0
EL 396 490 320 100 1
ST
221 0.3
RP 3
KP 49 65 0
KW 255 221 0
EL 394 492 321 100 1
ST
222 0.3
RP 3
KP 49 66 0
KW 255 222 0
EL 392 494 322 100 1
ST
223 0.3
RP 3
KP 49 67 0
KW 255 223 0
EL 390 496 323 100 1
ST
224 0.3
RP 3
KP 49 68 0
KW 255 224 0
EL 388 498 324 100 1
ST
225 0.3
RP 3
KP 49 69 0
KW 255 225 0
EL 386 500 325 100 1
ST
226 0.3
RP 3
KP 49 70 0
KW 255 226 0
EL 384 502 326 100 1
ST
227 0.3
RP 3
KP 49 71 0
KW 255 227 0
EL 382 500 327 100 1
ST
228 0.3
RP 3
KP 49 72 0
KW 255 228 0
EL 380 498 328 100 1
ST
229 0.3
RP 3
KP 49 73 0
KW 255 229 0
EL 378 496 329 100 1
ST
230 0.3
RP 3
KP 49 74 0
KW 255 230 0
EL 376 494 330 100 1
ST
231 0.3
RP 3
KP 49 75 0
KW 255 231 0
EL 374 492 331 100 1
ST
232 0.3
RP 3
KP 49 76 0
KW 255 232 0
EL 372 490 332 100 1
ST
233 0.3
RP 3
KP 49 77 0
KW 255 233 0
EL 370 488 333 100 1
ST
234 0.3
RP 3
KP 49 78 0
KW 255 234 0
EL 368 486 334 100 1
ST
235 0.3
RP 3
KP 49 79 0
KW 255 235 0
EL 366 484 335 100 1
ST
236 0.3
RP 3
KP 49 80 0
KW 255 236 0
EL 364 482 336 100 1
ST
237 0.3
RP 3
KP 49 81 0
KW 255 237 0
EL 362 480 337 100 1
ST
238 0.3
RP 3
KP 49 82 0
KW 255 238 0
EL 360 478 338 100 1
ST
239 0.3
RP 3
KP 49 83 0
KW 255 239 0
EL 358 476 339 100 1
ST
240 0.3
RP 3
KP 49 84 0
KW 255 240 0
EL 356 474 340 100 1
ST
241 0.3
RP 3
KP 49 85 0
KW 255 241 0
EL 354 472 341 100 1
ST
242 0.3
RP 3
KP 49 86 0
KW 255 242 0
EL 352 470 342 100 1
ST
243 0.3
RP 3
KP 49 87 0
KW 255 243 0
EL 350 468 343 100 1
ST
244 0.3
RP 3
KP 49 88 0
KW 255 244 0
EL 348 466 344 100 1
ST
245 0.3
RP 3
KP 49 89 0
KW 255 245 0
EL 346 464 345 100 1
ST
246 0.3
RP 3
KP 49 90 0
KW 255 246 0
EL 344 462 346 100 1
ST
247 0.3
RP 3
KP 49 91 0
KW 255 247 0
EL 342 460 347 100 1
ST
248 0.3
RP 3
KP 49 92 0
KW 255 248 0
EL 340 458 348 100 1
ST
249 0.3
RP 3
KP 49 93 0
KW 255 249 0
EL 338 456 349 100 1
ST
250 0.3
RP 3
KP 49 94 0
KW 255 250 0
EL 336 454 350 100 1
ST
251 0.3
RP 3
KP 49 95 0
KW 255 251 0
EL 334 452 351 100 1
ST
252 0.3
RP 3
KP 49 96 0
KW 255 252 0
EL 332 450 352 100 1
ST
253 0.3
RP 3
KP 49 97 0
KW 255 253 0
EL 330 448 353 100 1
ST
254 0.3
RP 3
KP 49 98 0
KW 255 254 0
EL 328 446 354 100 1
ST
255 0.3
RP 3
KP 48 99 0
KW 254 255 0
EL 326 444 355 101 1
ST
256 0.3
RP 3
KP 47 99 0
KW 253 255 0
EL 324 442 355 102 1
ST
257 0.3
RP 3
KP 46 99 0
KW 252 255 0
EL 322 440 355 103 1
ST
258 0.3
RP 3
KP 45 99 0
KW 251 255 0
EL 320 438 355 104 1
ST
259 0.3
RP 3
KP 44 99 0
KW 250 255 0
EL 318 436 355 105 1
ST
260 0.3
RP 3
KP 43 99 0
KW 249 255 0
EL 316 434 355 106 1
ST
261 0.3
RP 3
KP 42 99 0
KW 248 255 0
EL 314 432 355 107 1
ST
262 0.3
RP 3
KP 41 99 0
KW 247 255 0
EL 312 430 355 108 1
ST
263 0.3
RP 3
KP 40 99 0
KW 246 255 0
EL 310 428 355 109 1
ST
264 0.3
RP 3
KP 39 99 0
KW 245 255 0
EL 308 426 355 110 1
ST
265 0.3
RP 3
KP 38 99 0
KW 244 255 0
EL 306 424 355 111 1
ST
266 0.3
RP 3
KP 37 99 0
KW 243 255 0
EL 304 422 355 112 1
ST
267 0.3
RP 3
KP 36 99 0
KW 242 255 0
EL 302 420 355 113 1
ST
268 0.3
RP 3
KP 35 99 0
KW 241 255 0
EL 300 418 355 114 1
ST
269 0.3
RP 3
KP 34 99 0
KW 240 255 0
EL 298 416 355 115 1
ST
270 0.3
RP 3
KP 33 99 0
KW 239 255 0
EL 296 414 355 116 1
ST
271 0.3
RP 3
KP 32 99 0
KW 238 255 0
EL 294 412 355 117 1
ST
272 0.3
RP 3
KP 31 99 0
KW 237 255 0
EL 292 410 355 118 1
ST
273 0.3
RP 3
KP 30 99 0
KW 236 255 0
EL 290 408 355 119 1
ST
274 0.3
RP 3
KP 29 99 0
KW 235 255 0
EL 288 406 355 120 1
ST
275 0.3
RP 3
KP 28 99 0
KW 234 255 0
EL 286 404 355 121 1
ST
276 0.3
RP 3
KP 27 99 0
KW 233 255 0
EL 284 402 355 122 1
ST
277 0.3
RP 3
KP 26 99 0
KW 232 255 0
EL 282 400 355 123 1
ST
278 0.3
RP 3
KP 25 99 0
KW 231 255 0
EL 280 398 355 124 1
ST
279 0.3
RP 3
KP 24 99 0
KW 230 255 0
EL 278 396 355 125 1
ST
280 0.3
RP 3
KP 23 99 0
KW 229 255 0
EL 276 394 355 126 1
ST
281 0.3
RP 3
KP 22 99 0
KW 228 255 0
EL 274 392 355 127 1
ST
282 0.3
RP 3
KP 21 99 0
KW 227 255 0
EL 272 390 355 128 1
ST
283 0.3
RP 3
KP 20 99 0
KW 226 255 0
EL 270 388 355 129 1
ST
284 0.3
RP 3
KP 19 99 0
KW 225 255 0
EL 268 386 355 130 1
ST
285 0.3
RP 3
KP 18 99 0
KW 224 255 0
EL 266 384 355 131 1
ST
286 0.3
RP 3
KP 17 99 0
KW 223 255 0
EL 264 382 355 132 1
ST
287 0.3
RP 3
KP 16 99 0
KW 222 255 0
EL 262 380 355 133 1
ST
288 0.3
RP 3
KP 15 99 0
KW 221 255 0
EL 260 378 355 134 1
ST
289 0.3
RP 3
KP 14 99 0
KW 220 255 0
EL 258 376 355 135 1
ST
290 0.3
RP 3
KP 13 99 0
KW 219 255 0
EL 256 374 355 136 1
ST
291 0.3
RP 3
KP 12 99 0
KW 218 255 0
EL 254 372 355 137 1
ST
292 0.3
RP 3
KP 11 99 0
KW 217 255 0
EL 252 370 355 138 1
ST
293 0.3
RP 3
KP 10 99 0
KW 216 255 0
EL 250 368 355 139 1
ST
294 0.3
RP 3
KP 9 99 0
KW 215 255 0
EL 248 366 355 140 1
ST
295 0.3
RP 3
KP 8 99 0
KW 214 255 0
EL 246 364 355 141 1
ST
296 0.3
RP 3
KP 7 99 0
KW 213 255 0
EL 244 362 355 142 1
ST
297 0.3
RP 3
KP 6 99 0
KW 212 255 0
EL 242 360 355 143 1
ST
298 0.3
RP 3
KP 5 99 0
KW 211 255 0
EL 240 358 355 144 1
ST
299 0.3
RP 3
KP 4 99 0
KW 210 255 0
EL 238 356 355 145 1
ST
300 0.3
RP 3
KP 3 99 0
KW 209 255 0
EL 236 354 355 146 1
ST
301 0.3
RP 3
KP 2 99 0
KW 208 255 0
EL 234 352 355 147 1
ST
302 0.3
RP 3
KP 1 99 0
KW 207 255 0
EL 232 350 355 148 1
ST
303 0.3
RP 3
KP 0 99 0
KW 206 255 0
EL 230 348 355 149 1
ST
304 0.3
RP 3
KP 255 99 0
KW 205 255 0
EL 228 346 355 150 1
ST
305 0.3
RP 3
KP 254 99 0
KW 204 255 0
EL 226 344 355 151 1
ST
306 0.3
RP 3
KP 253 99 0
KW 203 255 0
EL 224 342 355 152 1
ST
307 0.3
RP 3
KP 252 99 0
KW 202 255 0
EL 222 340 355 153 1
ST
308 0.3
RP 3
KP 251 99 0
KW 201 255 0
EL 220 338 355 154 1
ST
309 0.3
RP 3
KP 250 99 0
KW 200 255 0
EL 218 336 355 155 1
ST
310 0.3
RP 3
KP 249 99 0
KW 199 255 0
EL 216 334 355 156 1
ST
311 0.3
RP 3
KP 248 99 0
KW 198 255 0
EL 214 332 355 157 1
ST
312 0.3
RP 3
KP 247 99 0
KW 197 255 0
EL 212 330 355 158 1
ST
313 0.3
RP 3
KP 246 99 0
KW 196 255 0
EL 210 328 355 159 1
ST
314 0.3
RP 3
KP 245 99 0
KW 195 255 0
EL 208 326 355 160 1
ST
315 0.3
RP 3
KP 244 99 0
KW 194 255 0
EL 206 324 355 161 1
ST
316 0.3
RP 3
KP 243 99 0
KW 193 255 0
EL 204 322 355 162 1
ST
317 0.3
RP 3
KP 242 99 0
KW 192 255 0
EL 202 320 355 163 1
ST
318 0.3
RP 3
KP 241 99 0
KW 191 255 0
EL 200 318 355 164 1
ST
319 0.3
RP 3
KP 240 99 0
KW 190 255 0
EL 198 316 355 165 1
ST
320 0.3
RP 3
KP 239 99 0
KW 189 255 0
EL 196 314 355 166 1
ST
321 0.3
RP 3
KP 238 99 0
KW 188 255 0
EL 194 312 355 167 1
ST
322 0.3
RP 3
KP 237 99 0
KW 187 255 0
EL 192 310 355 168 1
ST
323 0.3
RP 3
KP 236 99 0
KW 186 255 0
EL 190 308 355 169 1
ST
324 0.3
RP 3
KP 235 99 0
KW 185 255 0
EL 188 306 355 170 1
ST
325 0.3
RP 3
KP 234 99 0
KW 184 255 0
EL 186 304 355 171 1
ST
326 0.3
RP 3
KP 233 99 0
KW 183 255 0
EL 184 302 355 172 1
ST
327 0.3
RP 3
KP 232 99 0
KW 182 255 0
EL 182 300 355 173 1
ST
328 0.3
RP 3
KP 231 99 0
KW 181 255 0
EL 180 298 355 174 1
ST
329 0.3
RP 3
KP 230 99 0
KW 180 255 0
EL 178 296 355 175 1
ST
330 0.3
RP 3
KP 229 99 0
KW 179 255 0
EL 176 294 355 176 1
ST
331 0.3
RP 3
KP 228 99 0
KW 178 255 0
EL 174 292 355 177 1
ST
332 0.3
RP 3
KP 227 99 0
KW 177 255 0
EL 172 290 355 178 1
ST
333 0.3
RP 3
KP 226 99 0
KW 176 255 0
EL 170 288 355 179 1
ST
334 0.3
RP 3
KP 225 99 0
KW 175 255 0
EL 168 286 355 180 1
ST
335 0.3
RP 3
KP 224 99 0
KW 174 255 0
EL 166 284 355 181 1
ST
336 0.3
RP 3
KP 223 99 0
KW 173 255 0
EL 164 282 355 182 1
ST
337 0.3
RP 3
KP 222 99 0
KW 172 255 0
EL 162 280 355 183 1
ST
338 0.3
RP 3
KP 221 99 0
KW 171 255 0
EL 160 278 355 184 1
ST
339 0.3
RP 3
KP 220 99 0
KW 170 255 0
EL 158 276 355 185 1
ST
340 0.3
RP 3
KP 219 99 0
KW 169 255 0
EL 156 274 355 186 1
ST
341 0.3
RP 3
KP 218 99 0
KW 168 255 0
EL 154 272 355 187 1
ST
342 0.3
RP 3
KP 217 99 0
KW 167 255 0
EL 152 270 355 188 1
ST
343 0.3
RP 3
KP 216 99 0
KW 166 255 0
EL 150 268 355 189 1
ST
344 0.3
RP 3
KP 215 99 0
KW 165 255 0
EL 148 266 355 190 1
ST
345 0.3
RP 3
KP 214 99 0
KW 164 255 0
EL 146 264 355 191 1
ST
346 0.3
RP 3
KP 213 99 0
KW 163 255 0
EL 144 262 355 192 1
ST
347 0.3
RP 3
KP 212 99 0
KW 162 255 0
EL 142 260 355 193 1
ST
348 0.3
RP 3
KP 211 99 0
KW 161 255 0
EL 140 258 355 194 1
ST
349 0.3
RP 3
KP 210 99 0
KW 160 255 0
EL 138 256 355 195 1
ST
350 0.3
RP 3
KP 209 99 0
KW 159 255 0
EL 136 254 355 196 1
ST
351 0.3
RP 3
KP 208 99 0
KW 158 255 0
EL 134 252 355 197 1
ST
352 0.3
RP 3
KP 207 99 0
KW 157 255 0
EL 132 250 355 198 1
ST
353 0.3
RP 3
KP 206 99 0
KW 156 255 0
EL 130 248 355 199 1
ST
354 0.3
RP 3
KP 205 99 0
KW 155 255 0
EL 128 246 355 200 1
ST
355 0.3
RP 3
KP 204 99 0
KW 154 255 0
EL 126 244 355 201 1
ST
356 0.3
RP 3
KP 203 99 0
KW 153 255 0
EL 124 242 355 202 1
ST
357 0.3
RP 3
KP 202 99 0
KW 152 255 0
EL 122 240 355 203 1
ST
358 0.3
RP 3
KP 201 99 0
KW 151 255 0
EL 120 238 355 204 1
ST
359 0.3
RP 3
KP 200 99 0
KW 150 255 0
EL 118 236 355 205 1
ST
360 0.3
RP 3
KP 199 99 0
KW 149 255 0
EL 116 234 355 206 1
ST
361 0.3
RP 3
KP 198 99 0
KW 148 255 0
EL 114 232 355 207 1
ST
362 0.3
RP 3
KP 197 99 0
KW 147 255 0
EL 112 230 355 208 1
ST
363 0.3
RP 3
KP 196 99 0
KW 146 255 0
EL 110 228 355 209 1
ST
364 0.3
RP 3
KP 195 99 0
KW 145 255 0
EL 108 226 355 210 1
ST
365 0.3
RP 3
KP 194 99 0
KW 144 255 0
EL 106 224 355 211 1
ST
366 0.3
RP 3
KP 193 99 0
KW 143 255 0
EL 104 222 355 212 1
ST
367 0.3
RP 3
KP 192 99 0
KW 142 255 0
EL 102 220 355 213 1
ST
368 0.3
RP 3
KP 191 99 0
KW 141 255 0
EL 100 218 355 214 1
ST
369 0.3
RP 3
KP 190 99 0
KW 140 255 0
EL 98 216 355 215 1
ST
370 0.3
RP 3
KP 189 99 0
KW 139 255 0
EL 96 214 355 216 1
ST
371 0.3
RP 3
KP 188 99 0
KW 138 255 0
EL 94 212 355 217 1
ST
372 0.3
RP 3
KP 187 99 0
KW 137 255 0
EL 92 210 355 218 1
ST
373 0.3
RP 3
KP 186 99 0
KW 136 255 0
EL 90 208 355 219 1
ST
374 0.3
RP 3
KP 185 99 0
KW 135 255 0
EL 88 206 355 220 1
ST
375 0.3
RP 3
KP 184 99 0
KW 134 255 0
EL 86 204 355 221 1
ST
376 0.3
RP 3
KP 183 99 0
KW 133 255 0
EL 84 202 355 222 1
ST
377 0.3
RP 3
KP 182 99 0
KW 132 255 0
EL 82 200 355 223 1
ST
378 0.3
RP 3
KP 181 99 0
KW 131 255 0
EL 80 198 355 224 1
ST
379 0.3
RP 3
KP 180 99 0
KW 130 255 0
EL 78 196 355 225 1
ST
380 0.3
RP 3
KP 179 99 0
KW 129 255 0
EL 76 194 355 226 1
ST
381 0.3
RP 3
KP 178 99 0
KW 128 255 0
EL 74 192 355 227 1
ST
382 0.3
RP 3
KP 177 99 0
KW 127 255 0
EL 72 190 355 228 1
ST
383 0.3
RP 3
KP 176 99 0
KW 126 255 0
EL 70 188 355 229 1
ST
384 0.3
RP 3
KP 175 99 0
KW 125 255 0
EL 68 186 355 230 1
ST
385 0.3
RP 3
KP 174 99 0
KW 124 255 0
EL 66 184 355 231 1
ST
386 0.3
RP 3
KP 173 99 0
KW 123 255 0
EL 64 182 355 232 1
ST
387 0.3
RP 3
KP 172 99 0
KW 122 255 0
EL 62 180 355 233 1
ST
388 0.3
RP 3
KP 171 99 0
KW 121 255 0
EL 60 178 355 234 1
ST
389 0.3
RP 3
KP 170 99 0
KW 120 255 0
EL 58 176 355 235 1
ST
390 0.3
RP 3
KP 169 99 0
KW 119 255 0
EL 56 174 355 236 1
ST
391 0.3
RP 3
KP 168 99 0
KW 118 255 0
EL 54 172 355 237 1
ST
392 0.3
RP 3
KP 167 99 0
KW 117 255 0
EL 52 170 355 238 1
ST
393 0.3
RP 3
KP 166 99 0
KW 116 255 0
EL 50 168 355 239 1
ST
394 0.3
RP 3
KP 165 99 0
KW 115 255 0
EL 48 166 355 240 1
ST
395 0.3
RP 3
KP 164 99 0
KW 114 255 0
EL 46 164 355 241 1
ST
396 0.3
RP 3
KP 163 99 0
KW 113 255 0
EL 44 162 355 242 1
ST
397 0.3
RP 3
KP 162 99 0
KW 112 255 0
EL 42 160 355 243 1
ST
398 0.3
RP 3
KP 161 99 0
KW 111 255 0
EL 40 158 355 244 1
ST
399 0.3
RP 3
KP 160 99 0
KW 110 255 0
EL 38 156 355 245 1
ST
400 0.3
RP 3
KP 159 99 0
KW 109 255 0
EL 36 154 355 246 1
ST
401 0.3
RP 3
KP 158 99 0
KW 108 255 0
EL 34 152 355 247 1
ST
402 0.3
RP 3
KP 157 99 0
KW 107 255 0
EL 32 150 355 248 1
ST
403 0.3
RP 3
KP 156 99 0
KW 106 255 0
EL 30 148 355 249 1
ST
404 0.3
RP 3
KP 155 99 0
KW 105 255 0
EL 28 146 355 250 1
ST
405 0.3
RP 3
KP 154 99 0
KW 104 255 0
EL 26 144 355 251 1
ST
406 0.3
RP 3
KP 153 99 0
KW 103 255 0
EL 24 142 355 252 1
ST
407 0.3
RP 3
KP 152 99 0
KW 102 255 0
EL 22 140 355 253 1
ST
408 0.3
RP 3
KP 151 99 0
KW 101 255 0
EL 20 138 355 254 1
ST
409 0.3
RP 3
KP 150 99 0
KW 100 255 0
EL 18 136 355 255 1
ST
410 0.3
RP 3
KP 149 99 0
KW 99 255 0
EL 16 134 355 256 1
ST
411 0.3
RP 3
KP 148 99 0
KW 98 255 0
EL 14 132 355 257 1
ST
412 0.3
RP 3
KP 147 99 0
KW 97 255 0
EL 12 130 355 258 1
ST
413 0.3
RP 3
KP 146 99 0
KW 96 255 0
EL 10 128 355 259 1
ST
414 0.3
RP 3
KP 145 99 0
KW 95 255 0
EL 8 126 355 260 1
ST
415 0.3
RP 3
KP 144 99 0
KW 94 255 0
EL 6 124 355 261 1
ST
416 0.3
RP 3
KP 143 99 0
KW 93 255 0
EL 4 122 355 262 1
ST
417 0.3
RP 3
KP 142 99 0
KW 92 255 0
EL 2 120 355 263 1
ST
418 0.3
RP 3
KP 141 99 0
KW 91 255 0
EL 0 118 355 264 1
ST
419 0.3
RP 3
KP 140 99 0
KW 90 255 0
EL -2 116 355 265 1
ST
420 0.3
RP 3
KP 139 99 0
KW 89 255 0
EL 0 114 355 266 1
ST
421 0.3
RP 3
KP 138 99 0
KW 88 255 0
EL 2 112 355 267 1
ST
422 0.3
RP 3
KP 137 99 0
KW 87 255 0
EL 4 110 355 268 1
ST
423 0.3
RP 3
KP 136 99 0
KW 86 255 0
EL 6 108 355 269 1
ST
424 0.3
RP 3
KP 135 99 0
KW 85 255 0
EL 8 106 355 270 1
ST
425 0.3
RP 3
KP 134 99 0
KW 84 255 0
EL 10 104 355 271 1
ST
426 0.3
RP 3
KP 133 99 0
KW 83 255 0
EL 12 102 355 272 1
ST
427 0.3
RP 3
KP 132 99 0
KW 82 255 0
EL 14 100 355 273 1
ST
428 0.3
RP 3
KP 131 99 0
KW 81 255 0
EL 16 98 355 274 1
ST
429 0.3
RP 3
KP 130 99 0
KW 80 255 0
EL 18 96 355 275 1
ST
430 0.3
RP 3
KP 129 99 0
KW 79 255 0
EL 20 94 355 276 1
ST
431 0.3
RP 3
KP 128 99 0
KW 78 255 0
EL 22 92 355 277 1
ST
432 0.3
RP 3
KP 127 99 0
KW 77 255 0
EL 24 90 355 278 1
ST
433 0.3
RP 3
KP 126 99 0
KW 76 255 0
EL 26 88 355 279 1
ST
434 0.3
RP 3
KP 125 99 0
KW 75 255 0
EL 28 86 355 280 1
ST
435 0.3
RP 3
KP 124 99 0
KW 74 255 0
EL 30 84 355 281 1
ST
436 0.3
RP 3
KP 123 99 0
KW 73 255 0
EL 32 82 355 282 1
ST
437 0.3
RP 3
KP 122 99 0
KW 72 255 0
EL 34 80 355 283 1
ST
438 0.3
RP 3
KP 121 99 0
KW 71 255 0
EL 36 78 355 284 1
ST
439 0.3
RP 3
KP 120 99 0
KW 70 255 0
EL 38 76 355 285 1
ST
440 0.3
RP 3
KP 119 99 0
KW 69 255 0
EL 40 74 355 286 1
ST
441 0.3
RP 3
KP 118 99 0
KW 68 255 0
EL 42 72 355 287 1
ST
442 0.3
RP 3
KP 117 99 0
KW 67 255 0
EL 44 70 355 288 1
ST
443 0.3
RP 3
KP 116 99 0
KW 66 255 0
EL 46 68 355 289 1
ST
444 0.3
RP 3
KP 115 99 0
KW 65 255 0
EL 48 66 355 290 1
ST
445 0.3
RP 3
KP 114 99 0
KW 64 255 0
EL 50 64 355 291 1
ST
446 0.3
RP 3
KP 113 99 0
KW 63 255 0
EL 52 62 355 292 1
ST
447 0.3
RP 3
KP 112 99 0
KW 62 255 0
EL 54 60 355 293 1
ST
448 0.3
RP 3
KP 111 99 0
KW 61 255 0
EL 56 58 355 294 1
ST
449 0.3
RP 3
KP 110 99 0
KW 60 255 0
EL 58 56 355 295 1
ST
450 0.3
RP 3
KP 109 99 0
KW 59 255 0
EL 60 54 355 296 1
ST
451 0.3
RP 3
KP 108 99 0
KW 58 255 0
EL 62 52 355 297 1
ST
452 0.3
RP 3
KP 107 99 0
KW 57 255 0
EL 64 50 355 298 1
ST
453 0.3
RP 3
KP 106 99 0
KW 56 255 0
EL 66 48 355 299 1
ST
454 0.3
RP 3
KP 105 99 0
KW 55 255 0
EL 68 46 355 300 1
ST
455 0.3
RP 3
KP 104 99 0
KW 54 255 0
EL 70 44 355 301 1
ST
456 0.3
RP 3
KP 103 99 0
KW 53 255 0
EL 72 42 355 302 1
ST
457 0.3
RP 3
KP 102 99 0
KW 52 255 0
EL 74 40 355 303 1
ST
458 0.3
RP 3
KP 101 99 0
KW 51 255 0
EL 76 38 355 304 1
ST
459 0.3
RP 3
KP 100 99 0
KW 50 255 0
EL 78 36 355 305 1
ST
460 0.3
RP 3
KP 99 99 0
KW 49 255 0
EL 80 34 355 306 1
ST
461 0.3
RP 3
KP 98 99 0
KW 48 255 0
EL 82 32 355 307 1
ST
462 0.3
RP 3
KP 97 99 0
KW 47 255 0
EL 84 30 355 308 1
ST
463 0.3
RP 3
KP 96 99 0
KW 46 255 0
EL 86 28 355 309 1
ST
464 0.3
RP 3
KP 95 99 0
KW 45 255 0
EL 88 26 355 310 1
ST
465 0.3
RP 3
KP 94 99 0
KW 44 255 0
EL 90 24 355 311 1
ST
466 0.3
RP 3
KP 93 99 0
KW 43 255 0
EL 92 22 355 312 1
ST
467 0.3
RP 3
KP 92 99 0
KW 42 255 0
EL 94 20 355 313 1
ST
468 0.3
RP 3
KP 91 99 0
KW 41 255 0
EL 96 18 355 314 1
ST
469 0.3
RP 3
KP 90 99 0
KW 40 255 0
EL 98 16 355 315 1
ST
470 0.3
RP 3
KP 89 99 0
KW 39 255 0
EL 100 14 355 316 1
ST
471 0.3
RP 3
KP 88 99 0
KW 38 255 0
EL 102 12 355 317 1
ST
472 0.3
RP 3
KP 87 99 0
KW 37 255 0
EL 104 10 355 318 1
ST
473 0.3
RP 3
KP 86 99 0
KW 36 255 0
EL 106 8 355 319 1
ST
474 0.3
RP 3
KP 85 99 0
KW 35 255 0
EL 108 6 355 320 1
ST
475 0.3
RP 3
KP 84 99 0
KW 34 255 0
EL 110 4 355 321 1
ST
476 0.3
RP 3
KP 83 99 0
KW 33 255 0
EL 112 2 355 322 1
ST
477 0.3
RP 3
KP 82 99 0
KW 32 255 0
EL 114 0 355 323 1
ST
478 0.3
RP 3
KP 81 99 0
KW 31 255 0
EL 116 -2 355 324 1
ST
479 0.3
RP 3
KP 80 99 0
KW 30 255 0
EL 118 0 355 325 1
ST
480 0.3
RP 3
KP 79 99 0
KW 29 255 0
EL 120 2 355 326 1
ST
481 0.3
RP 3
KP 78 99 0
KW 28 255 0
EL 122 4 355 327 1
ST
482 0.3
RP 3
KP 77 99 0
KW 27 255 0
EL 124 6 355 328 1
ST
483 0.3
RP 3
KP 76 99 0
KW 26 255 0
EL 126 8 355 329 1
ST
484 0.3
RP 3
KP 75 99 0
KW 25 255 0
EL 128 10 355 330 1
ST
485 0.3
RP 3
KP 74 99 0
KW 24 255 0
EL 130 12 355 331 1
ST
486 0.3
RP 3
KP 73 99 0
KW 23 255 0
EL 132 14 355 332 1
ST
487 0.3
RP 3
KP 72 99 0
KW 22 255 0
EL 134 16 355 333 1
ST
488 0.3
RP 3
KP 71 99 0
KW 21 255 0
EL 136 18 355 334 1
ST
489 0.3
RP 3
KP 70 99 0
KW 20 255 0
EL 138 20 355 335 1
ST
490 0.3
RP 3
KP 69 99 0
KW 19 255 0
EL 140 22 355 336 1
ST
491 0.3
RP 3
KP 68 99 0
KW 18 255 0
EL 142 24 355 337 1
ST
492 0.3
RP 3
KP 67 99 0
KW 17 255 0
EL 144 26 355 338 1
ST
493 0.3
RP 3
KP 66 99 0
KW 16 255 0
EL 146 28 355 339 1
ST
494 0.3
RP 3
KP 65 99 0
KW 15 255 0
EL 148 30 355 340 1
ST
495 0.3
RP 3
KP 64 99 0
KW 14 255 0
EL 150 32 355 341 1
ST
496 0.3
RP 3
KP 63 99 0
KW 13 255 0
EL 152 34 355 342 1
ST
497 0.3
RP 3
KP 62 99 0
KW 12 255 0
EL 154 36 355 343 1
ST
498 0.3
RP 3
KP 61 99 0
KW 11 255 0
EL 156 38 355 344 1
ST
499 0.3
RP 3
KP 60 99 0
KW 10 255 0
EL 158 40 355 345 1
ST
500 0.3
RP 3
KP 59 99 0
KW 9 255 0
EL 160 42 355 346 1
ST
501 0.3
RP 3
KP 58 99 0
KW 8 255 0
EL 162 44 355 347 1
ST
502 0.3
RP 3
KP 57 99 0
KW 7 255 0
EL 164 46 355 348 1
ST
503 0.3
RP 3
KP 56 99 0
KW 6 255 0
EL 166 48 355 349 1
ST
504 0.3
RP 3
KP 55 99 0
KW 5 255 0
EL 168 50 355 350 1
ST
505 0.3
RP 3
KP 54 99 0
KW 4 255 0
EL 170 52 355 351 1
ST
506 0.3
RP 3
KP 53 99 0
KW 3 255 0
EL 172 54 355 352 1
ST
507 0.3
RP 3
KP 52 99 0
KW 2 255 0
EL 174 56 355 353 1
ST
508 0.3
RP 3
KP 51 99 0
KW 1 255 0
EL 176 58 355 354 1
ST
509 0.3
RP 3
KP 50 99 1
KW 0 255 1
EL 178 60 354 354 1
ST
510 0.3
RP 3
KP 50 99 2
KW 0 255 2
EL 180 62 353 353 1
ST
511 0.3
RP 3
KP 50 99 3
KW 0 255 3
EL 182 64 352 352 1
ST
512 0.3
RP 3
KP 50 99 4
KW 0 255 4
EL 184 66 351 351 1
ST
513 0.3
RP 3
KP 50 99 5
KW 0 255 5
EL 186 68 350 350 1
ST
514 0.3
RP 3
KP 50 99 6
KW 0 255 6
EL 188 70 349 349 1
ST
515 0.3
RP 3
KP 50 99 7
KW 0 255 7
EL 190 72 348 348 1
ST
516 0.3
RP 3
KP 50 99 8
KW 0 255 8
EL 192 74 347 347 1
ST
517 0.3
RP 3
KP 50 99 9
KW 0 255 9
EL 194 76 346 346 1
ST
518 0.3
RP 3
KP 50 99 10
KW 0 255 10
EL 196 78 345 345 1
ST
519 0.3
RP 3
KP 50 99 11
KW 0 255 11
EL 198 80 344 344 1
ST
520 0.3
RP 3
KP 50 99 12
KW 0 255 12
EL 200 82 343 343 1
ST
521 0.3
RP 3
KP 50 99 13
KW 0 255 13
EL 202 84 342 342 1
ST
522 0.3
RP 3
KP 50 99 14
KW 0 255 14
EL 204 86 341 341 1
ST
523 0.3
RP 3
KP 50 99 15
KW 0 255 15
EL 206 88 340 340 1
ST
524 0.3
RP 3
KP 50 99 16
KW 0 255 16
EL 208 90 339 339 1
ST
525 0.3
RP 3
KP 50 99 17
KW 0 255 17
EL 210 92 338 338 1
ST
526 0.3
RP 3
KP 50 99 18
KW 0 255 18
EL 212 94 337 337 1
ST
527 0.3
RP 3
KP 50 99 19
KW 0 255 19
EL 214 96 336 336 1
ST
528 0.3
RP 3
KP 50 99 20
KW 0 255 20
EL 216 98 335 335 1
ST
529 0.3
RP 3
KP 50 99 21
KW 0 255 21
EL 218 100 334 334 1
ST
530 0.3
RP 3
KP 50 99 22
KW 0 255 22
EL 220 102 333 333 1
ST
531 0.3
RP 3
KP 50 99 23
KW 0 255 23
EL 222 104 332 332 1
ST
532 0.3
RP 3
KP 50 99 24
KW 0 255 24
EL 224 106 331 331 1
ST
533 0.3
RP 3
KP 50 99 25
KW 0 255 25
EL 226 108 330 330 1
ST
534 0.3
RP 3
KP 50 99 26
KW 0 255 26
EL 228 110 329 329 1
ST
535 0.3
RP 3
KP 50 99 27
KW 0 255 27
EL 230 112 328 328 1
ST
536 0.3
RP 3
KP 50 99 28
KW 0 255 28
EL 232 114 327 327 1
ST
537 0.3
RP 3
KP 50 99 29
KW 0 255 29
EL 234 116 326 326 1
ST
538 0.3
RP 3
KP 50 99 30
KW 0 255 30
EL 236 118 325 325 1
ST
539 0.3
RP 3
KP 50 99 31
KW 0 255 31
EL 238 120 324 324 1
ST
540 0.3
RP 3
KP 50 99 32
KW 0 255 32
EL 240 122 323 323 1
ST
541 0.3
RP 3
KP 50 99 33
KW 0 255 33
EL 242 124 322 322 1
ST
542 0.3
RP 3
KP 50 99 34
KW 0 255 34
EL 244 126 321 321 1
ST
543 0.3
RP 3
KP 50 99 35
KW 0 255 35
EL 246 128 320 320 1
ST
544 0.3
RP 3
KP 50 99 36
KW 0 255 36
EL 248 130 319 319 1
ST
545 0.3
RP 3
KP 50 99 37
KW 0 255 37
EL 250 132 318 318 1
ST
546 0.3
RP 3
KP 50 99 38
KW 0 255 38
EL 252 134 317 317 1
ST
547 0.3
RP 3
KP 50 99 39
KW 0 255 39
EL 254 136 316 316 1
ST
548 0.3
RP 3
KP 50 99 40
KW 0 255 40
EL 256 138 315 315 1
ST
549 0.3
RP 3
KP 50 99 41
KW 0 255 41
EL 258 140 314 314 1
ST
550 0.3
RP 3
KP 50 99 42
KW 0 255 42
EL 260 142 313 313 1
ST
551 0.3
RP 3
KP 50 99 43
KW 0 255 43
EL 262 144 312 312 1
ST
552 0.3
RP 3
KP 50 99 44
KW 0 255 44
EL 264 146 311 311 1
ST
553 0.3
RP 3
KP 50 99 45
KW 0 255 45
EL 266 148 310 310 1
ST
554 0.3
RP 3
KP 50 99 46
KW 0 255 46
EL 268 150 309 309 1
ST
555 0.3
RP 3
KP 50 99 47
KW 0 255 47
EL 270 152 308 308 1
ST
556 0.3
RP 3
KP 50 99 48
KW 0 255 48
EL 272 154 307 307 1
ST
557 0.3
RP 3
KP 50 99 49
KW 0 255 49
EL 274 156 306 306 1
ST
558 0.3
RP 3
KP 50 99 50
KW 0 255 50
EL 276 158 305 305 1
ST
559 0.3
RP 3
KP 50 99 51
KW 0 255 51
EL 278 160 304 304 1
ST
560 0.3
RP 3
KP 50 99 52
KW 0 255 52
EL 280 162 303 303 1
ST
561 0.3
RP 3
KP 50 99 53
KW 0 255 53
EL 282 164 302 302 1
ST
562 0.3
RP 3
KP 50 99 54
KW 0 255 54
EL 284 166 301 301 1
ST
563 0.3
RP 3
KP 50 99 55
KW 0 255 55
EL 286 168 300 300 1
ST
564 0.3
RP 3
KP 50 99 56
KW 0 255 56
EL 288 170 299 299 1
ST
565 0.3
RP 3
KP 50 99 57
KW 0 255 57
EL 290 172 298 298 1
ST
566 0.3
RP 3
KP 50 99 58
KW 0 255 58
EL 292 174 297 297 1
ST
567 0.3
RP 3
KP 50 99 59
KW 0 255 59
EL 294 176 296 296 1
ST
568 0.3
RP 3
KP 50 99 60
KW 0 255 60
EL 296 178 295 295 1
ST
569 0.3
RP 3
KP 50 99 61
KW 0 255 61
EL 298 180 294 294 1
ST
570 0.3
RP 3
KP 50 99 62
KW 0 255 62
EL 300 182 293 293 1
ST
571 0.3
RP 3
KP 50 99 63
KW 0 255 63
EL 302 184 292 292 1
ST
572 0.3
RP 3
KP 50 99 64
KW 0 255 64
EL 304 186 291 291 1
ST
573 0.3
RP 3
KP 50 99 65
KW 0 255 65
EL 306 188 290 290 1
ST
574 0.3
RP 3
KP 50 99 66
KW 0 255 66
EL 308 190 289 289 1
ST
575 0.3
RP 3
KP 50 99 67
KW 0 255 67
EL 310 192 288 288 1
ST
576 0.3
RP 3
KP 50 99 68
KW 0 255 68
EL 312 194 287 287 1
ST
577 0.3
RP 3
KP 50 99 69
KW 0 255 69
EL 314 196 286 286 1
ST
578 0.3
RP 3
KP 50 99 70
KW 0 255 70
EL 316 198 285 285 1
ST
579 0.3
RP 3
KP 50 99 71
KW 0 255 71
EL 318 200 284 284 1
ST
580 0.3
RP 3
KP 50 99 72
KW 0 255 72
EL 320 202 283 283 1
ST
581 0.3
RP 3
KP 50 99 73
KW 0 255 73
EL 322 204 282 282 1
ST
582 0.3
RP 3
KP 50 99 74
KW 0 255 74
EL 324 206 281 281 1
ST
583 0.3
RP 3
KP 50 99 75
KW 0 255 75
EL 326 208 280 280 1
ST
584 0.3
RP 3
KP 50 99 76
KW 0 255 76
EL 328 210 279 279 1
ST
585 0.3
RP 3
KP 50 99 77
KW 0 255 77
EL 330 212 278 278 1
ST
586 0.3
RP 3
KP 50 99 78
KW 0 255 78
EL 332 214 277 277 1
ST
587 0.3
RP 3
KP 50 99 79
KW 0 255 79
EL 334 216 276 276 1
ST
588 0.3
RP 3
KP 50 99 80
KW 0 255 80
EL 336 218 275 275 1
ST
589 0.3
RP 3
KP 50 99 81
KW 0 255 81
EL 338 220 274 274 1
ST
590 0.3
RP 3
KP 50 99 82
KW 0 255 82
EL 340 222 273 273 1
ST
591 0.3
RP 3
KP 50 99 83
KW 0 255 83
EL 342 224 272 272 1
ST
592 0.3
RP 3
KP 50 99 84
KW 0 255 84
EL 344 226 271 271 1
ST
593 0.3
RP 3
KP 50 99 85
KW 0 255 85
EL 346 228 270 270 1
ST
594 0.3
RP 3
KP 50 99 86
KW 0 255 86
EL 348 230 269 269 1
ST
595 0.3
RP 3
KP 50 99 87
KW 0 255 87
EL 350 232 268 268 1
ST
596 0.3
RP 3
KP 50 99 88
KW 0 255 88
EL 352 234 267 267 1
ST
597 0.3
RP 3
KP 50 99 89
KW 0 255 89
EL 354 236 266 266 1
ST
598 0.3
RP 3
KP 50 99 90
KW 0 255 90
EL 356 238 265 265 1
ST
599 0.3
RP 3
KP 50 99 91
KW 0 255 91
EL 358 240 264 264 1
ST
600 0.3
RP 3
KP 50 99 92
KW 0 255 92
EL 360 242 263 263 1
ST
601 0.3
RP 3
KP 50 99 93
KW 0 255 93
EL 362 244 262 262 1
ST
602 0.3
RP 3
KP 50 99 94
KW 0 255 94
EL 364 246 261 261 1
ST
603 0.3
RP 3
KP 50 99 95
KW 0 255 95
EL 366 248 260 260 1
ST
604 0.3
RP 3
KP 50 99 96
KW 0 255 96
EL 368 250 259 259 1
ST
605 0.3
RP 3
KP 50 99 97
KW 0 255 97
EL 370 252 258 258 1
ST
606 0.3
RP 3
KP 50 99 98
KW 0 255 98
EL 372 254 257 257 1
ST
607 0.3
RP 3
KP 50 99 99
KW 0 255 99
EL 374 256 256 256 1
ST
608 0.3
RP 3
KP 50 99 100
KW 0 255 100
EL 376 258 255 255 1
ST
609 0.3
RP 3
KP 50 99 101
KW 0 255 101
EL 378 260 254 254 1
ST
610 0.3
RP 3
KP 50 99 102
KW 0 255 102
EL 380 262 253 253 1
ST
611 0.3
RP 3
KP 50 99 103
KW 0 255 103
EL 382 264 252 252 1
ST
612 0.3
RP 3
KP 50 99 104
KW 0 255 104
EL 384 266 251 251 1
ST
613 0.3
RP 3
KP 50 99 105
KW 0 255 105
EL 386 268 250 250 1
ST
614 0.3
RP 3
KP 50 99 106
KW 0 255 106
EL 388 270 249 249 1
ST
615 0.3
RP 3
KP 50 99 107
KW 0 255 107
EL 390 272 248 248 1
ST
616 0.3
RP 3
KP 50 99 108
KW 0 255 108
EL 392 274 247 247 1
ST
617 0.3
RP 3
KP 50 99 109
KW 0 255 109
EL 394 276 246 246 1
ST
618 0.3
RP 3
KP 50 99 110
KW 0 255 110
EL 396 278 245 245 1
ST
619 0.3
RP 3
KP 50 99 111
KW 0 255 111
EL 398 280 244 244 1
ST
620 0.3
RP 3
KP 50 99 112
KW 0 255 112
EL 400 282 243 243 1
ST
621 0.3
RP 3
KP 50 99 113
KW 0 255 113
EL 402 284 242 242 1
ST
622 0.3
RP 3
KP 50 99 114
KW 0 255 114
EL 404 286 241 241 1
ST
623 0.3
RP 3
KP 50 99 115
KW 0 255 115
EL 406 288 240 240 1
ST
624 0.3
RP 3
KP 50 99 116
KW 0 255 116
EL 408 290 239 239 1
ST
625 0.3
RP 3
KP 50 99 117
KW 0 255 117
EL 410 292 238 238 1
ST
626 0.3
RP 3
KP 50 99 118
KW 0 255 118
EL 412 294 237 237 1
ST
627 0.3
RP 3
KP 50 99 119
KW 0 255 119
EL 414 296 236 236 1
ST
628 0.3
RP 3
KP 50 99 120
KW 0 255 120
EL 416 298 235 235 1
ST
629 0.3
RP 3
KP 50 99 121
KW 0 255 121
EL 418 300 234 234 1
ST
630 0.3
RP 3
KP 50 99 122
KW 0 255 122
EL 420 302 233 233 1
ST
631 0.3
RP 3
KP 50 99 123
KW 0 255 123
EL 422 304 232 232 1
ST
632 0.3
RP 3
KP 50 99 124
KW 0 255 124
EL 424 306 231 231 1
ST
633 0.3
RP 3
KP 50 99 125
KW 0 255 125
EL 426 308 230 230 1
ST
634 0.3
RP 3
KP 50 99 126
KW 0 255 126
EL 428 310 229 229 1
ST
635 0.3
RP 3
KP 50 99 127
KW 0 255 127
EL 430 312 228 228 1
ST
636 0.3
RP 3
KP 50 99 128
KW 0 255 128
EL 432 314 227 227 1
ST
637 0.3
RP 3
KP 50 99 129
KW 0 255 129
EL 434 316 226 226 1
ST
638 0.3
RP 3
KP 50 99 130
KW 0 255 130
EL 436 318 225 225 1
ST
639 0.3
RP 3
KP 50 99 131
KW 0 255 131
EL 438 320 224 224 1
ST
640 0.3
RP 3
KP 50 99 132
KW 0 255 132
EL 440 322 223 223 1
ST
641 0.3
RP 3
KP 50 99 133
KW 0 255 133
EL 442 324 222 222 1
ST
642 0.3
RP 3
KP 50 99 134
KW 0 255 134
EL 444 326 221 221 1
ST
643 0.3
RP 3
KP 50 99 135
KW 0 255 135
EL 446 328 220 220 1
ST
644 0.3
RP 3
KP 50 99 136
KW 0 255 136
EL 448 330 219 219 1
ST
645 0.3
RP 3
KP 50 99 137
KW 0 255 137
EL 450 332 218 218 1
ST
646 0.3
RP 3
KP 50 99 138
KW 0 255 138
EL 452 334 217 217 1
ST
647 0.3
RP 3
KP 50 99 139
KW 0 255 139
EL 454 336 216 216 1
ST
648 0.3
RP 3
KP 50 99 140
KW 0 255 140
EL 456 338 215 215 1
ST
649 0.3
RP 3
KP 50 99 141
KW 0 255 141
EL 458 340 214 214 1
ST
650 0.3
RP 3
KP 50 99 142
KW 0 255 142
EL 460 342 213 213 1
ST
651 0.3
RP 3
KP 50 99 143
KW 0 255 143
EL 462 344 212 212 1
ST
652 0.3
RP 3
KP 50 99 144
KW 0 255 144
EL 464 346 211 211 1
ST
653 0.3
RP 3
KP 50 99 145
KW 0 255 145
EL 466 348 210 210 1
ST
654 0.3
RP 3
KP 50 99 146
KW 0 255 146
EL 468 350 209 209 1
ST
655 0.3
RP 3
KP 50 99 147
KW 0 255 147
EL 470 352 208 208 1
ST
656 0.3
RP 3
KP 50 99 148
KW 0 255 148
EL 472 354 207 207 1
ST
657 0.3
RP 3
KP 50 99 149
KW 0 255 149
EL 474 356 206 206 1
ST
658 0.3
RP 3
KP 50 99 150
KW 0 255 150
EL 476 358 205 205 1
ST
659 0.3
RP 3
KP 50 99 151
KW 0 255 151
EL 478 360 204 204 1
ST
660 0.3
RP 3
KP 50 99 152
KW 0 255 152
EL 480 362 203 203 1
ST
661 0.3
RP 3
KP 50 99 153
KW 0 255 153
EL 482 364 202 202 1
ST
662 0.3
RP 3
KP 50 99 154
KW 0 255 154
EL 484 366 201 201 1
ST
663 0.3
RP 3
KP 50 99 155
KW 0 255 155
EL 486 368 200 200 1
ST
664 0.3
RP 3
KP 50 99 156
KW 0 255 156
EL 488 370 199 199 1
ST
665 0.3
RP 3
KP 50 99 157
KW 0 255 157
EL 490 372 198 198 1
ST
666 0.3
RP 3
KP 50 99 158
KW 0 255 158
EL 492 374 197 197 1
ST
667 0.3
RP 3
KP 50 99 159
KW 0 255 159
EL 494 376 196 196 1
ST
668 0.3
RP 3
KP 50 99 160
KW 0 255 160
EL 496 378 195 195 1
ST
669 0.3
RP 3
KP 50 99 161
KW 0 255 161
EL 498 380 194 194 1
ST
670 0.3
RP 3
KP 50 99 162
KW 0 255 162
EL 500 382 193 193 1
ST
671 0.3
RP 3
KP 50 99 163
KW 0 255 163
EL 502 384 192 192 1
ST
672 0.3
RP 3
KP 50 99 164
KW 0 255 164
EL 504 386 191 191 1
ST
673 0.3
RP 3
KP 50 99 165
KW 0 255 165
EL 506 388 190 190 1
ST
674 0.3
RP 3
KP 50 99 166
KW 0 255 166
EL 508 390 189 189 1
ST
675 0.3
RP 3
KP 50 99 167
KW 0 255 167
EL 510 392 188 188 1
ST
676 0.3
RP 3
KP 50 99 168
KW 0 255 168
EL 512 394 187 187 1
ST
677 0.3
RP 3
KP 50 99 169
KW 0 255 169
EL 514 396 186 186 1
ST
678 0.3
RP 3
KP 50 99 170
KW 0 255 170
EL 516 398 185 185 1
ST
679 0.3
RP 3
KP 50 99 171
KW 0 255 171
EL 518 400 184 184 1
ST
680 0.3
RP 3
KP 50 99 172
KW 0 255 172
EL 520 402 183 183 1
ST
681 0.3
RP 3
KP 50 99 173
KW 0 255 173
EL 522 404 182 182 1
ST
682 0.3
RP 3
KP 50 99 174
KW 0 255 174
EL 524 406 181 181 1
ST
683 0.3
RP 3
KP 50 99 175
KW 0 255 175
EL 526 408 180 180 1
ST
684 0.3
RP 3
KP 50 99 176
KW 0 255 176
EL 528 410 179 179 1
ST
685 0.3
RP 3
KP 50 99 177
KW 0 255 177
EL 530 412 178 178 1
ST
686 0.3
RP 3
KP 50 99 178
KW 0 255 178
EL 532 414 177 177 1
ST
687 0.3
RP 3
KP 50 99 179
KW 0 255 179
EL 534 416 176 176 1
ST
688 0.3
RP 3
KP 50 99 180
KW 0 255 180
EL 536 418 175 175 1
ST
689 0.3
RP 3
KP 50 99 181
KW 0 255 181
EL 538 420 174 174 1
ST
690 0.3
RP 3
KP 50 99 182
KW 0 255 182
EL 540 422 173 173 1
ST
691 0.3
RP 3
KP 50 99 183
KW 0 255 183
EL 542 424 172 172 1
ST
692 0.3
RP 3
KP 50 99 184
KW 0 255 184
EL 544 426 171 171 1
ST
693 0.3
RP 3
KP 50 99 185
KW 0 255 185
EL 546 428 170 170 1
ST
694 0.3
RP 3
KP 50 99 186
KW 0 255 186
EL 548 430 169 169 1
ST
695 0.3
RP 3
KP 50 99 187
KW 0 255 187
EL 550 432 168 168 1
ST
696 0.3
RP 3
KP 50 99 188
KW 0 255 188
EL 552 434 167 167 1
ST
697 0.3
RP 3
KP 50 99 189
KW 0 255 189
EL 554 436 166 166 1
ST
698 0.3
RP 3
KP 50 99 190
KW 0 255 190
EL 556 434 165 165 1
ST
699 0.3
RP 3
KP 50 99 191
KW 0 255 191
EL 558 432 164 164 1
ST
700 0.3
RP 3
KP 50 99 192
KW 0 255 192
EL 560 430 163 163 1
ST
701 0.3
RP 3
KP 50 99 193
KW 0 255 193
EL 562 428 162 162 1
ST
702 0.3
RP 3
KP 50 99 194
KW 0 255 194
EL 564 426 161 161 1
ST
703 0.3
RP 3
KP 50 99 195
KW 0 255 195
EL 566 424 160 160 1
ST
704 0.3
RP 3
KP 50 99 196
KW 0 255 196
EL 568 422 159 159 1
ST
705 0.3
RP 3
KP 50 99 197
KW 0 255 197
EL 570 420 158 158 1
ST
706 0.3
RP 3
KP 50 99 198
KW 0 255 198
EL 572 418 157 157 1
ST
707 0.3
RP 3
KP 50 99 199
KW 0 255 199
EL 574 416 156 156 1
ST
708 0.3
RP 3
KP 50 99 200
KW 0 255 200
EL 576 414 155 155 1
ST
709 0.3
RP 3
KP 50 99 201
KW 0 255 201
EL 578 412 154 154 1
ST
710 0.3
RP 3
KP 50 99 202
KW 0 255 202
EL 580 410 153 153 1
ST
711 0.3
RP 3
KP 50 99 203
KW 0 255 203
EL 582 408 152 152 1
ST
712 0.3
RP 3
KP 50 99 204
KW 0 255 204
EL 584 406 151 151 1
ST
713 0.3
RP 3
KP 50 99 205
KW 0 255 205
EL 586 404 150 150 1
ST
714 0.3
RP 3
KP 50 99 206
KW 0 255 206
EL 588 402 149 149 1
ST
715 0.3
RP 3
KP 50 99 207
KW 0 255 207
EL 590 400 148 148 1
ST
716 0.3
RP 3
KP 50 99 208
KW 0 255 208
EL 592 398 147 147 1
ST
717 0.3
RP 3
KP 50 99 209
KW 0 255 209
EL 594 396 146 146 1
ST
718 0.3
RP 3
KP 50 99 210
KW 0 255 210
EL 596 394 145 145 1
ST
719 0.3
RP 3
KP 50 99 211
KW 0 255 211
EL 598 392 144 144 1
ST
720 0.3
RP 3
KP 50 99 212
KW 0 255 212
EL 600 390 143 143 1
ST
721 0.3
RP 3
KP 50 99 213
KW 0 255 213
EL 602 388 142 142 1
ST
722 0.3
RP 3
KP 50 99 214
KW 0 255 214
EL 604 386 141 141 1
ST
723 0.3
RP 3
KP 50 99 215
KW 0 255 215
EL 606 384 140 140 1
ST
724 0.3
RP 3
KP 50 99 216
KW 0 255 216
EL 608 382 139 139 1
ST
725 0.3
RP 3
KP 50 99 217
KW 0 255 217
EL 610 380 138 138 1
ST
726 0.3
RP 3
KP 50 99 218
KW 0 255 218
EL 612 378 137 137 1
ST
727 0.3
RP 3
KP 50 99 219
KW 0 255 219
EL 614 376 136 136 1
ST
728 0.3
RP 3
KP 50 99 220
KW 0 255 220
EL 616 374 135 135 1
ST
729 0.3
RP 3
KP 50 99 221
KW 0 255 221
EL 618 372 134 134 1
ST
730 0.3
RP 3
KP 50 99 222
KW 0 255 222
EL 620 370 133 133 1
ST
731 0.3
RP 3
KP 50 99 223
KW 0 255 223
EL 622 368 132 132 1
ST
732 0.3
RP 3
KP 50 99 224
KW 0 255 224
EL 624 366 131 131 1
ST
733 0.3
RP 3
KP 50 99 225
KW 0 255 225
EL 626 364 130 130 1
ST
734 0.3
RP 3
KP 50 99 226
KW 0 255 226
EL 628 362 129 129 1
ST
735 0.3
RP 3
KP 50 99 227
KW 0 255 227
EL 630 360 128 128 1
ST
736 0.3
RP 3
KP 50 99 228
KW 0 255 228
EL 632 358 127 127 1
ST
737 0.3
RP 3
KP 50 99 229
KW 0 255 229
EL 634 356 126 126 1
ST
738 0.3
RP 3
KP 50 99 230
KW 0 255 230
EL 636 354 125 125 1
ST
739 0.3
RP 3
KP 50 99 231
KW 0 255 231
EL 638 352 124 124 1
ST
740 0.3
RP 3
KP 50 99 232
KW 0 255 232
EL 640 350 123 123 1
ST
741 0.3
RP 3
KP 50 99 233
KW 0 255 233
EL 642 348 122 122 1
ST
742 0.3
RP 3
KP 50 99 234
KW 0 255 234
EL 644 346 121 121 1
ST
743 0.3
RP 3
KP 50 99 235
KW 0 255 235
EL 646 344 120 120 1
ST
744 0.3
RP 3
KP 50 99 236
KW 0 255 236
EL 648 342 119 119 1
ST
745 0.3
RP 3
KP 50 99 237
KW 0 255 237
EL 650 340 118 118 1
ST
746 0.3
RP 3
KP 50 99 238
KW 0 255 238
EL 652 338 117 117 1
ST
747 0.3
RP 3
KP 50 99 239
KW 0 255 239
EL 654 336 116 116 1
ST
748 0.3
RP 3
KP 50 99 240
KW 0 255 240
EL 656 334 115 115 1
ST
749 0.3
RP 3
KP 50 99 241
KW 0 255 241
EL 658 332 114 114 1
ST
750 0.3
RP 3
KP 50 99 242
KW 0 255 242
EL 660 330 113 113 1
ST
751 0.3
RP 3
KP 50 99 243
KW 0 255 243
EL 662 328 112 112 1
ST
752 0.3
RP 3
KP 50 99 244
KW 0 255 244
EL 664 326 111 111 1
ST
753 0.3
RP 3
KP 50 99 245
KW 0 255 245
EL 666 324 110 110 1
ST
754 0.3
RP 3
KP 50 99 246
KW 0 255 246
EL 668 322 109 109 1
ST
755 0.3
RP 3
KP 50 99 247
KW 0 255 247
EL 670 320 108 108 1
ST
756 0.3
RP 3
KP 50 99 248
KW 0 255 248
EL 672 318 107 107 1
ST
757 0.3
RP 3
KP 50 99 249
KW 0 255 249
EL 674 316 106 106 1
ST
758 0.3
RP 3
KP 50 99 250
KW 0 255 250
EL 676 314 105 105 1
ST
759 0.3
RP 3
KP 50 99 251
KW 0 255 251
EL 678 312 104 104 1
ST
760 0.3
RP 3
KP 50 99 252
KW 0 255 252
EL 680 310 103 103 1
ST
761 0.3
RP 3
KP 50 99 253
KW 0 255 253
EL 682 308 102 102 1
ST
762 0.3
RP 3
KP 50 99 254
KW 0 255 254
EL 684 306 101 101 1
ST
763 0.3
RP 3
KP 50 98 255
KW 0 254 255
EL 686 304 102 101 1
ST
764 0.3
RP 3
KP 50 97 255
KW 0 253 255
EL 688 302 104 102 1
ST
765 0.3
RP 3
KP 50 96 255
KW 0 252 255
EL 690 300 106 103 1
ST
766 0.3
RP 3
KP 50 95 255
KW 0 251 255
EL 692 298 108 104 1
ST
767 0.3
RP 3
KP 50 94 255
KW 0 250 255
EL 690 296 110 105 1
ST
768 0.3
RP 3
KP 50 93 255
KW 0 249 255
EL 688 294 112 106 1
ST
769 0.3
RP 3
KP 50 92 255
KW 0 248 255
EL 686 292 114 107 1
ST
770 0.3
RP 3
KP 50 91 255
KW 0 247 255
EL 684 290 116 108 1
ST
771 0.3
RP 3
KP 50 90 255
KW 0 246 255
EL 682 288 118 109 1
ST
772 0.3
RP 3
KP 50 89 255
KW 0 245 255
EL 680 286 120 110 1
ST
773 0.3
RP 3
KP 50 88 255
KW 0 244 255
EL 678 284 122 111 1
ST
774 0.3
RP 3
KP 50 87 255
KW 0 243 255
EL 676 282 124 112 1
ST
775 0.3
RP 3
KP 50 86 255
KW 0 242 255
EL 674 280 126 113 1
ST
776 0.3
RP 3
KP 50 85 255
KW 0 241 255
EL 672 278 128 114 1
ST
777 0.3
RP 3
KP 50 84 255
KW 0 240 255
EL 670 276 130 115 1
ST
778 0.3
RP 3
KP 50 83 255
KW 0 239 255
EL 668 274 132 116 1
ST
779 0.3
RP 3
KP 50 82 255
KW 0 238 255
EL 666 272 134 117 1
ST
780 0.3
RP 3
KP 50 81 255
KW 0 237 255
EL 664 270 136 118 1
ST
781 0.3
RP 3
KP 50 80 255
KW 0 236 255
EL 662 268 138 119 1
ST
782 0.3
RP 3
KP 50 79 255
KW 0 235 255
EL 660 266 140 120 1
ST
783 0.3
RP 3
KP 50 78 255
KW 0 234 255
EL 658 264 142 121 1
ST
784 0.3
RP 3
KP 50 77 255
KW 0 233 255
EL 656 262 144 122 1
ST
785 0.3
RP 3
KP 50 76 255
KW 0 232 255
EL 654 260 146 123 1
ST
786 0.3
RP 3
KP 50 75 255
KW 0 231 255
EL 652 258 148 124 1
ST
787 0.3
RP 3
KP 50 74 255
KW 0 230 255
EL 650 256 150 125 1
ST
788 0.3
RP 3
KP 50 73 255
KW 0 229 255
EL 648 254 152 126 1
ST
789 0.3
RP 3
KP 50 72 255
KW 0 228 255
EL 646 252 154 127 1
ST
790 0.3
RP 3
KP 50 71 255
KW 0 227 255
EL 644 250 156 128 1
ST
791 0.3
RP 3
KP 50 70 255
KW 0 226 255
EL 642 248 158 129 1
ST
792 0.3
RP 3
KP 50 69 255
KW 0 225 255
EL 640 246 160 130 1
ST
793 0.3
RP 3
KP 50 68 255
KW 0 224 255
EL 638 244 162 131 1
ST
794 0.3
RP 3
KP 50 67 255
KW 0 223 255
EL 636 242 164 132 1
ST
795 0.3
RP 3
KP 50 66 255
KW 0 222 255
EL 634 240 166 133 1
ST
796 0.3
RP 3
KP 50 65 255
KW 0 221 255
EL 632 238 168 134 1
ST
797 0.3
RP 3
KP 50 64 255
KW 0 220 255
EL 630 236 170 135 1
ST
798 0.3
RP 3
KP 50 63 255
KW 0 219 255
EL 628 234 172 136 1
ST
799 0.3
RP 3
KP 50 62 255
KW 0 218 255
EL 626 232 174 137 1
ST
800 0.3
RP 3
KP 50 61 255
KW 0 217 255
EL 624 230 176 138 1
ST
801 0.3
RP 3
KP 50 60 255
KW 0 216 255
EL 622 228 178 139 1
ST
802 0.3
RP 3
KP 50 59 255
KW 0 215 255
EL 620 226 180 140 1
ST
803 0.3
RP 3
KP 50 58 255
KW 0 214 255
EL 618 224 182 141 1
ST
804 0.3
RP 3
KP 50 57 255
KW 0 213 255
EL 616 222 184 142 1
ST
805 0.3
RP 3
KP 50 56 255
KW 0 212 255
EL 614 220 186 143 1
ST
806 0.3
RP 3
KP 50 55 255
KW 0 211 255
EL 612 218 188 144 1
ST
807 0.3
RP 3
KP 50 54 255
KW 0 210 255
EL 610 216 190 145 1
ST
808 0.3
RP 3
KP 50 53 255
KW 0 209 255
EL 608 214 192 146 1
ST
809 0.3
RP 3
KP 50 52 255
KW 0 208 255
EL 606 212 194 147 1
ST
810 0.3
RP 3
KP 50 51 255
KW 0 207 255
EL 604 210 196 148 1
ST
811 0.3
RP 3
KP 50 50 255
KW 0 206 255
EL 602 208 198 149 1
ST
812 0.3
RP 3
KP 50 49 255
KW 0 205 255
EL 600 206 200 150 1
ST
813 0.3
RP 3
KP 50 48 255
KW 0 204 255
EL 598 204 202 151 1
ST
814 0.3
RP 3
KP 50 47 255
KW 0 203 255
EL 596 202 204 152 1
ST
815 0.3
RP 3
KP 50 46 255
KW 0 202 255
EL 594 200 206 153 1
ST
816 0.3
RP 3
KP 50 45 255
KW 0 201 255
EL 592 198 208 154 1
ST
817 0.3
RP 3
KP 50 44 255
KW 0 200 255
EL 590 196 210 155 1
ST
818 0.3
RP 3
KP 50 43 255
KW 0 199 255
EL 588 194 212 156 1
ST
819 0.3
RP 3
KP 50 42 255
KW 0 198 255
EL 586 192 214 157 1
ST
820 0.3
RP 3
KP 50 41 255
KW 0 197 255
EL 584 190 216 158 1
ST
821 0.3
RP 3
KP 50 40 255
KW 0 196 255
EL 582 188 218 159 1
ST
822 0.3
RP 3
KP 50 39 255
KW 0 195 255
EL 580 186 220 160 1
ST
823 0.3
RP 3
KP 50 38 255
KW 0 194 255
EL 578 184 222 161 1
ST
824 0.3
RP 3
KP 50 37 255
KW 0 193 255
EL 576 182 224 162 1
ST
825 0.3
RP 3
KP 50 36 255
KW 0 192 255
EL 574 180 226 163 1
ST
826 0.3
RP 3
KP 50 35 255
KW 0 191 255
EL 572 178 228 164 1
ST
827 0.3
RP 3
KP 50 34 255
KW 0 190 255
EL 570 176 230 165 1
ST
828 0.3
RP 3
KP 50 33 255
KW 0 189 255
EL 568 174 232 166 1
ST
829 0.3
RP 3
KP 50 32 255
KW 0 188 255
EL 566 172 234 167 1
ST
830 0.3
RP 3
KP 50 31 255
KW 0 187 255
EL 564 170 236 168 1
ST
831 0.3
RP 3
KP 50 30 255
KW 0 186 255
EL 562 168 238 169 1
ST
832 0.3
RP 3
KP 50 29 255
KW 0 185 255
EL 560 166 240 170 1
ST
833 0.3
RP 3
KP 50 28 255
KW 0 184 255
EL 558 164 242 171 1
ST
834 0.3
RP 3
KP 50 27 255
KW 0 183 255
EL 556 162 244 172 1
ST
835 0.3
RP 3
KP 50 26 255
KW 0 182 255
EL 554 160 246 173 1
ST
836 0.3
RP 3
KP 50 25 255
KW 0 181 255
EL 552 158 248 174 1
ST
837 0.3
RP 3
KP 50 24 255
KW 0 180 255
EL 550 156 250 175 1
ST
838 0.3
RP 3
KP 50 23 255
KW 0 179 255
EL 548 154 252 176 1
ST
839 0.3
RP 3
KP 50 22 255
KW 0 178 255
EL 546 152 254 177 1
ST
840 0.3
RP 3
KP 50 21 255
KW 0 177 255
EL 544 150 256 178 1
ST
841 0.3
RP 3
KP 50 20 255
KW 0 176 255
EL 542 148 258 179 1
ST
842 0.3
RP 3
KP 50 19 255
KW 0 175 255
EL 540 146 260 180 1
ST
843 0.3
RP 3
KP 50 18 255
KW 0 174 255
EL 538 144 262 181 1
ST
844 0.3
RP 3
KP 50 17 255
KW 0 173 255
EL 536 142 264 182 1
ST
845 0.3
RP 3
KP 50 16 255
KW 0 172 255
EL 534 140 266 183 1
ST
846 0.3
RP 3
KP 50 15 255
KW 0 171 255
EL 532 138 268 184 1
ST
847 0.3
RP 3
KP 50 14 255
KW 0 170 255
EL 530 136 270 185 1
ST
848 0.3
RP 3
KP 50 13 255
KW 0 169 255
EL 528 134 272 186 1
ST
849 0.3
RP 3
KP 50 12 255
KW 0 168 255
EL 526 132 274 187 1
ST
850 0.3
RP 3
KP 50 11 255
KW 0 167 255
EL 524 130 276 188 1
ST
851 0.3
RP 3
KP 50 10 255
KW 0 166 255
EL 522 128 278 189 1
ST
852 0.3
RP 3
KP 50 9 255
KW 0 165 255
EL 520 126 280 190 1
ST
853 0.3
RP 3
KP 50 8 255
KW 0 164 255
EL 518 124 282 191 1
ST
854 0.3
RP 3
KP 50 7 255
KW 0 163 255
EL 516 122 284 192 1
ST
855 0.3
RP 3
KP 50 6 255
KW 0 162 255
EL 514 120 286 193 1
ST
856 0.3
RP 3
KP 50 5 255
KW 0 161 255
EL 512 118 288 194 1
ST
857 0.3
RP 3
KP 50 4 255
KW 0 160 255
EL 510 116 290 195 1
ST
858 0.3
RP 3
KP 50 3 255
KW 0 159 255
EL 508 114 292 196 1
ST
859 0.3
RP 3
KP 50 2 255
KW 0 158 255
EL 506 112 294 197 1
ST
860 0.3
RP 3
KP 50 1 255
KW 0 157 255
EL 504 110 296 198 1
ST
861 0.3
RP 3
KP 50 0 255
KW 0 156 255
EL 502 108 298 199 1
ST
862 0.3
RP 3
KP 50 255 255
KW 0 155 255
EL 500 106 300 200 1
ST
863 0.3
RP 3
KP 50 254 255
KW 0 154 255
EL 498 104 302 201 1
ST
864 0.3
RP 3
KP 50 253 255
KW 0 153 255
EL 496 102 304 202 1
ST
865 0.3
RP 3
KP 50 252 255
KW 0 152 255
EL 494 100 306 203 1
ST
866 0.3
RP 3
KP 50 251 255
KW 0 151 255
EL 492 98 308 204 1
ST
867 0.3
RP 3
KP 50 250 255
KW 0 150 255
EL 490 96 310 205 1
ST
868 0.3
RP 3
KP 50 249 255
KW 0 149 255
EL 488 94 312 206 1
ST
869 0.3
RP 3
KP 50 248 255
KW 0 148 255
EL 486 92 314 207 1
ST
870 0.3
RP 3
KP 50 247 255
KW 0 147 255
EL 484 90 316 208 1
ST
871 0.3
RP 3
KP 50 246 255
KW 0 146 255
EL 482 88 318 209 1
ST
872 0.3
RP 3
KP 50 245 255
KW 0 145 255
EL 480 86 320 210 1
ST
873 0.3
RP 3
KP 50 244 255
KW 0 144 255
EL 478 84 322 211 1
ST
874 0.3
RP 3
KP 50 243 255
KW 0 143 255
EL 476 82 324 212 1
ST
875 0.3
RP 3
KP 50 242 255
KW 0 142 255
EL 474 80 326 213 1
ST
876 0.3
RP 3
KP 50 241 255
KW 0 141 255
EL 472 78 328 214 1
ST
877 0.3
RP 3
KP 50 240 255
KW 0 140 255
EL 470 76 330 215 1
ST
878 0.3
RP 3
KP 50 239 255
KW 0 139 255
EL 468 74 332 216 1
ST
879 0.3
RP 3
KP 50 238 255
KW 0 138 255
EL 466 72 334 217 1
ST
880 0.3
RP 3
KP 50 237 255
KW 0 137 255
EL 464 70 336 218 1
ST
881 0.3
RP 3
KP 50 236 255
KW 0 136 255
EL 462 68 338 219 1
ST
882 0.3
RP 3
KP 50 235 255
KW 0 135 255
EL 460 66 340 220 1
ST
883 0.3
RP 3
KP 50 234 255
KW 0 134 255
EL 458 64 342 221 1
ST
884 0.3
RP 3
KP 50 233 255
KW 0 133 255
EL 456 62 344 222 1
ST
885 0.3
RP 3
KP 50 232 255
KW 0 132 255
EL 454 60 346 223 1
ST
886 0.3
RP 3
KP 50 231 255
KW 0 131 255
EL 452 58 348 224 1
ST
887 0.3
RP 3
KP 50 230 255
KW 0 130 255
EL 450 56 350 225 1
ST
888 0.3
RP 3
KP 50 229 255
KW 0 129 255
EL 448 54 352 226 1
ST
889 0.3
RP 3
KP 50 228 255
KW 0 128 255
EL 446 52 354 227 1
ST
890 0.3
RP 3
KP 50 227 255
KW 0 127 255
EL 444 50 356 228 1
ST
891 0.3
RP 3
KP 50 226 255
KW 0 126 255
EL 442 48 358 229 1
ST
892 0.3
RP 3
KP 50 225 255
KW 0 125 255
EL 440 46 360 230 1
ST
893 0.3
RP 3
KP 50 224 255
KW 0 124 255
EL 438 44 362 231 1
ST
894 0.3
RP 3
KP 50 223 255
KW 0 123 255
EL 436 42 364 232 1
ST
895 0.3
RP 3
KP 50 222 255
KW 0 122 255
EL 434 40 366 233 1
ST
896 0.3
RP 3
KP 50 221 255
KW 0 121 255
EL 432 38 368 234 1
ST
897 0.3
RP 3
KP 50 220 255
KW 0 120 255
EL 430 36 370 235 1
ST
898 0.3
RP 3
KP 50 219 255
KW 0 119 255
EL 428 34 372 236 1
ST
899 0.3
RP 3
KP 50 218 255
KW 0 118 255
EL 426 32 374 237 1
ST
900 0.3
RP 3
KP 50 217 255
KW 0 117 255
EL 424 30 376 238 1
ST
901 0.3
RP 3
KP 50 216 255
KW 0 116 255
EL 422 28 378 239 1
ST
902 0.3
RP 3
KP 50 215 255
KW 0 115 255
EL 420 26 380 240 1
ST
903 0.3
RP 3
KP 50 214 255
KW 0 114 255
EL 418 24 382 241 1
ST
904 0.3
RP 3
KP 50 213 255
KW 0 113 255
EL 416 22 384 242 1
ST
905 0.3
RP 3
KP 50 212 255
KW 0 112 255
EL 414 20 386 243 1
ST
906 0.3
RP 3
KP 50 211 255
KW 0 111 255
EL 412 18 388 244 1
ST
907 0.3
RP 3
KP 50 210 255
KW 0 110 255
EL 410 16 390 245 1
ST
908 0.3
RP 3
KP 50 209 255
KW 0 109 255
EL 408 14 392 246 1
ST
909 0.3
RP 3
KP 50 208 255
KW 0 108 255
EL 406 12 394 247 1
ST
910 0.3
RP 3
KP 50 207 255
KW 0 107 255
EL 404 10 396 248 1
ST
911 0.3
RP 3
KP 50 206 255
KW 0 106 255
EL 402 8 398 249 1
ST
912 0.3
RP 3
KP 50 205 255
KW 0 105 255
EL 400 6 400 250 1
ST
913 0.3
RP 3
KP 50 204 255
KW 0 104 255
EL 398 4 402 251 1
ST
914 0.3
RP 3
KP 50 203 255
KW 0 103 255
EL 396 2 404 252 1
ST
915 0.3
RP 3
KP 50 202 255
KW 0 102 255
EL 394 0 406 253 1
ST
916 0.3
RP 3
KP 50 201 255
KW 0 101 255
EL 392 -2 408 254 1
ST
917 0.3
RP 3
KP 50 200 255
KW 0 100 255
EL 390 0 410 255 1
ST
918 0.3
RP 3
KP 50 199 255
KW 0 99 255
EL 388 2 412 256 1
ST
919 0.3
RP 3
KP 50 198 255
KW 0 98 255
EL 386 4 414 257 1
ST
920 0.3
RP 3
KP 50 197 255
KW 0 97 255
EL 384 6 416 258 1
ST
921 0.3
RP 3
KP 50 196 255
KW 0 96 255
EL 382 8 418 259 1
ST
922 0.3
RP 3
KP 50 195 255
KW 0 95 255
EL 380 10 420 260 1
ST
923 0.3
RP 3
KP 50 194 255
KW 0 94 255
EL 378 12 422 261 1
ST
924 0.3
RP 3
KP 50 193 255
KW 0 93 255
EL 376 14 424 262 1
ST
925 0.3
RP 3
KP 50 192 255
KW 0 92 255
EL 374 16 426 263 1
ST
926 0.3
RP 3
KP 50 191 255
KW 0 91 255
EL 372 18 428 264 1
ST
927 0.3
RP 3
KP 50 190 255
KW 0 90 255
EL 370 20 430 265 1
ST
928 0.3
RP 3
KP 50 189 255
KW 0 89 255
EL 368 22 432 266 1
ST
929 0.3
RP 3
KP 50 188 255
KW 0 88 255
EL 366 24 434 267 1
ST
930 0.3
RP 3
KP 50 187 255
KW 0 87 255
EL 364 26 436 268 1
ST
931 0.3
RP 3
KP 50 186 255
KW 0 86 255
EL 362 28 438 269 1
ST
932 0.3
RP 3
KP 50 185 255
KW 0 85 255
EL 360 30 440 270 1
ST
933 0.3
RP 3
KP 50 184 255
KW 0 84 255
EL 358 32 442 271 1
ST
934 0.3
RP 3
KP 50 183 255
KW 0 83 255
EL 356 34 444 272 1
ST
935 0.3
RP 3
KP 50 182 255
KW 0 82 255
EL 354 36 446 273 1
ST
936 0.3
RP 3
KP 50 181 255
KW 0 81 255
EL 352 38 448 274 1
ST
937 0.3
RP 3
KP 50 180 255
KW 0 80 255
EL 350 40 450 275 1
ST
938 0.3
RP 3
KP 50 179 255
KW 0 79 255
EL 348 42 452 276 1
ST
939 0.3
RP 3
KP 50 178 255
KW 0 78 255
EL 346 44 454 277 1
ST
940 0.3
RP 3
KP 50 177 255
KW 0 77 255
EL 344 46 456 278 1
ST
941 0.3
RP 3
KP 50 176 255
KW 0 76 255
EL 342 48 458 279 1
ST
942 0.3
RP 3
KP 50 175 255
KW 0 75 255
EL 340 50 460 280 1
ST
943 0.3
RP 3
KP 50 174 255
KW 0 74 255
EL 338 52 462 281 1
ST
944 0.3
RP 3
KP 50 173 255
KW 0 73 255
EL 336 54 464 282 1
ST
945 0.3
RP 3
KP 50 172 255
KW 0 72 255
EL 334 56 466 283 1
ST
946 0.3
RP 3
KP 50 171 255
KW 0 71 255
EL 332 58 468 284 1
ST
947 0.3
RP 3
KP 50 170 255
KW 0 70 255
EL 330 60 470 285 1
ST
948 0.3
RP 3
KP 50 169 255
KW 0 69 255
EL 328 62 472 286 1
ST
949 0.3
RP 3
KP 50 168 255
KW 0 68 255
EL 326 64 474 287 1
ST
950 0.3
RP 3
KP 50 167 255
KW 0 67 255
EL 324 66 476 288 1
ST
951 0.3
RP 3
KP 50 166 255
KW 0 66 255
EL 322 68 478 289 1
ST
952 0.3
RP 3
KP 50 165 255
KW 0 65 255
EL 320 70 480 290 1
ST
953 0.3
RP 3
KP 50 164 255
KW 0 64 255
EL 318 72 482 291 1
ST
954 0.3
RP 3
KP 50 163 255
KW 0 63 255
EL 316 74 484 292 1
ST
955 0.3
RP 3
KP 50 162 255
KW 0 62 255
EL 314 76 486 293 1
ST
956 0.3
RP 3
KP 50 161 255
KW 0 61 255
EL 312 78 488 294 1
ST
957 0.3
RP 3
KP 50 160 255
KW 0 60 255
EL 310 80 490 295 1
ST
958 0.3
RP 3
KP 50 159 255
KW 0 59 255
EL 308 82 492 296 1
ST
959 0.3
RP 3
KP 50 158 255
KW 0 58 255
EL 306 84 494 297 1
ST
960 0.3
RP 3
KP 50 157 255
KW 0 57 255
EL 304 86 496 298 1
ST
961 0.3
RP 3
KP 50 156 255
KW 0 56 255
EL 302 88 498 299 1
ST
962 0.3
RP 3
KP 50 155 255
KW 0 55 255
EL 300 90 500 300 1
ST
963 0.3
RP 3
KP 50 154 255
KW 0 54 255
EL 298 92 502 301 1
ST
964 0.3
RP 3
KP 50 153 255
KW 0 53 255
EL 296 94 504 302 1
ST
965 0.3
RP 3
KP 50 152 255
KW 0 52 255
EL 294 96 506 303 1
ST
966 0.3
RP 3
KP 50 151 255
KW 0 51 255
EL 292 98 508 304 1
ST
967 0.3
RP 3
KP 50 150 255
KW 0 50 255
EL 290 100 510 305 1
ST
968 0.3
RP 3
KP 50 149 255
KW 0 49 255
EL 288 102 512 306 1
ST
969 0.3
RP 3
KP 50 148 255
KW 0 48 255
EL 286 104 514 307 1
ST
970 0.3
RP 3
KP 50 147 255
KW 0 47 255
EL 284 106 516 308 1
ST
971 0.3
RP 3
KP 50 146 255
KW 0 46 255
EL 282 108 518 309 1
ST
972 0.3
RP 3
KP 50 145 255
KW 0 45 255
EL 280 110 520 310 1
ST
973 0.3
RP 3
KP 50 144 255
KW 0 44 255
EL 278 112 522 311 1
ST
974 0.3
RP 3
KP 50 143 255
KW 0 43 255
EL 276 114 524 312 1
ST
975 0.3
RP 3
KP 50 142 255
KW 0 42 255
EL 274 116 526 313 1
ST
976 0.3
RP 3
KP 50 141 255
KW 0 41 255
EL 272 118 528 314 1
ST
977 0.3
RP 3
KP 50 140 255
KW 0 40 255
EL 270 120 530 315 1
ST
978 0.3
RP 3
KP 50 139 255
KW 0 39 255
EL 268 122 532 316 1
ST
979 0.3
RP 3
KP 50 138 255
KW 0 38 255
EL 266 124 534 317 1
ST
980 0.3
RP 3
KP 50 137 255
KW 0 37 255
EL 264 126 536 318 1
ST
981 0.3
RP 3
KP 50 136 255
KW 0 36 255
EL 262 128 538 319 1
ST
982 0.3
RP 3
KP 50 135 255
KW 0 35 255
EL 260 130 540 320 1
ST
983 0.3
RP 3
KP 50 134 255
KW 0 34 255
EL 258 132 542 321 1
ST
984 0.3
RP 3
KP 50 133 255
KW 0 33 255
EL 256 134 544 322 1
ST
985 0.3
RP 3
KP 50 132 255
KW 0 32 255
EL 254 136 546 323 1
ST
986 0.3
RP 3
KP 50 131 255
KW 0 31 255
EL 252 138 548 324 1
ST
987 0.3
RP 3
KP 50 130 255
KW 0 30 255
EL 250 140 550 325 1
ST
988 0.3
RP 3
KP 50 129 255
KW 0 29 255
EL 248 142 552 326 1
ST
989 0.3
RP 3
KP 50 128 255
KW 0 28 255
EL 246 144 554 327 1
ST
990 0.3
RP 3
KP 50 127 255
KW 0 27 255
EL 244 146 556 328 1
ST
991 0.3
RP 3
KP 50 126 255
KW 0 26 255
EL 242 148 558 329 1
ST
992 0.3
RP 3
KP 50 125 255
KW 0 25 255
EL 240 150 560 330 1
ST
993 0.3
RP 3
KP 50 124 255
KW 0 24 255
EL 238 152 562 331 1
ST
994 0.3
RP 3
KP 50 123 255
KW 0 23 255
EL 236 154 564 332 1
ST
995 0.3
RP 3
KP 50 122 255
KW 0 22 255
EL 234 156 566 333 1
ST
996 0.3
RP 3
KP 50 121 255
KW 0 21 255
EL 232 158 568 334 1
ST
997 0.3
RP 3
KP 50 120 255
KW 0 20 255
EL 230 160 570 335 1
ST
998 0.3
RP 3
KP 50 119 255
KW 0 19 255
EL 228 162 572 336 1
ST
999 0.3
RP 3
KP 50 118 255
KW 0 18 255
EL 226 164 574 337 1
ST
1000 0.3
RP 3
KP 50 117 255
KW 0 17 255
EL 224 166 576 338 1
ST
1001 0.3
RP 3
KP 50 116 255
KW 0 16 255
EL 222 168 578 339 1
ST
1002 0.3
RP 3
KP 50 115 255
KW 0 15 255
EL 220 170 580 340 1
ST
1003 0.3
RP 3
KP 50 114 255
KW 0 14 255
EL 218 172 582 341 1
ST
1004 0.3
RP 3
KP 50 113 255
KW 0 13 255
EL 216 174 584 342 1
ST
1005 0.3
RP 3
KP 50 112 255
KW 0 12 255
EL 214 176 586 343 1
ST
1006 0.3
RP 3
KP 50 111 255
KW 0 11 255
EL 212 178 588 344 1
ST
1007 0.3
RP 3
KP 50 110 255
KW 0 10 255
EL 210 180 590 345 1
ST
1008 0.3
RP 3
KP 50 109 255
KW 0 9 255
EL 208 182 592 346 1
ST
1009 0.3
RP 3
KP 50 108 255
KW 0 8 255
EL 206 184 594 347 1
ST
1010 0.3
RP 3
KP 50 107 255
KW 0 7 255
EL 204 186 596 348 1
ST
1011 0.3
RP 3
KP 50 106 255
KW 0 6 255
EL 202 188 598 349 1
ST
1012 0.3
RP 3
KP 50 105 255
KW 0 5 255
EL 200 190 600 350 1
ST
1013 0.3
RP 3
KP 50 104 255
KW 0 4 255
EL 198 192 602 351 1
ST
1014 0.3
RP 3
KP 50 103 255
KW 0 3 255
EL 196 194 604 352 1
ST
1015 0.3
RP 3
KP 50 102 255
KW 0 2 255
EL 194 196 606 353 1
ST
1016 0.3
RP 3
KP 50 101 255
KW 0 1 255
EL 192 198 608 354 1
ST
1017 0.3
RP 3
KP 51 100 255
KW 1 0 255
EL 190 200 609 355 1
ST
1018 0.3
RP 3
KP 52 100 255
KW 2 0 255
EL 188 202 608 355 1
ST
1019 0.3
RP 3
KP 53 100 255
KW 3 0 255
EL 186 204 607 355 1
ST
1020 0.3
RP 3
KP 54 100 255
KW 4 0 255
EL 184 206 606 355 1
ST
1021 0.3
RP 3
KP 55 100 255
KW 5 0 255
EL 182 208 605 355 1
ST
1022 0.3
RP 3
KP 56 100 255
KW 6 0 255
EL 180 210 604 355 1
ST
1023 0.3
RP 3
KP 57 100 255
KW 7 0 255
EL 178 212 603 355 1
ST
1024 0.3
RP 3
KP 58 100 255
KW 8 0 255
EL 176 214 602 355 1
ST
1025 0.3
RP 3
KP 59 100 255
KW 9 0 255
EL 174 216 601 355 1
ST
1026 0.3
RP 3
KP 60 100 255
KW 10 0 255
EL 172 218 600 355 1
ST
1027 0.3
RP 3
KP 61 100 255
KW 11 0 255
EL 170 220 599 355 1
ST
1028 0.3
RP 3
KP 62 100 255
KW 12 0 255
EL 168 222 598 355 1
ST
1029 0.3
RP 3
KP 63 100 255
KW 13 0 255
EL 166 224 597 355 1
ST
1030 0.3
RP 3
KP 64 100 255
KW 14 0 255
EL 164 226 596 355 1
ST
1031 0.3
RP 3
KP 65 100 255
KW 15 0 255
EL 162 228 595 355 1
ST
1032 0.3
RP 3
KP 66 100 255
KW 16 0 255
EL 160 230 594 355 1
ST
1033 0.3
RP 3
KP 67 100 255
KW 17 0 255
EL 158 232 593 355 1
ST
1034 0.3
RP 3
KP 68 100 255
KW 18 0 255
EL 156 234 592 355 1
ST
1035 0.3
RP 3
KP 69 100 255
KW 19 0 255
EL 154 236 591 355 1
ST
1036 0.3
RP 3
KP 70 100 255
KW 20 0 255
EL 152 238 590 355 1
ST
1037 0.3
RP 3
KP 71 100 255
KW 21 0 255
EL 150 240 589 355 1
ST
1038 0.3
RP 3
KP 72 100 255
KW 22 0 255
EL 148 242 588 355 1
ST
1039 0.3
RP 3
KP 73 100 255
KW 23 0 255
EL 146 244 587 355 1
ST
1040 0.3
RP 3
KP 74 100 255
KW 24 0 255
EL 144 246 586 355 1
ST
1041 0.3
RP 3
KP 75 100 255
KW 25 0 255
EL 142 244 585 355 1
ST
1042 0.3
RP 3
KP 76 100 255
KW 26 0 255
EL 140 242 584 355 1
ST
1043 0.3
RP 3
KP 77 100 255
KW 27 0 255
EL 138 240 583 355 1
ST
1044 0.3
RP 3
KP 78 100 255
KW 28 0 255
EL 136 238 582 355 1
ST
1045 0.3
RP 3
KP 79 100 255
KW 29 0 255
EL 134 236 581 355 1
ST
1046 0.3
RP 3
KP 80 100 255
KW 30 0 255
EL 132 234 580 355 1
ST
1047 0.3
RP 3
KP 81 100 255
KW 31 0 255
EL 130 232 579 355 1
ST
1048 0.3
RP 3
KP 82 100 255
KW 32 0 255
EL 128 230 578 355 1
ST
1049 0.3
RP 3
KP 83 100 255
KW 33 0 255
EL 126 228 577 355 1
ST
1050 0.3
RP 3
KP 84 100 255
KW 34 0 255
EL 124 226 576 355 1
ST
1051 0.3
RP 3
KP 85 100 255
KW 35 0 255
EL 122 224 575 355 1
ST
1052 0.3
RP 3
KP 86 100 255
KW 36 0 255
EL 120 222 574 355 1
ST
1053 0.3
RP 3
KP 87 100 255
KW 37 0 255
EL 118 220 573 355 1
ST
1054 0.3
RP 3
KP 88 100 255
KW 38 0 255
EL 116 218 572 355 1
ST
1055 0.3
RP 3
KP 89 100 255
KW 39 0 255
EL 114 216 571 355 1
ST
1056 0.3
RP 3
KP 90 100 255
KW 40 0 255
EL 112 214 570 355 1
ST
1057 0.3
RP 3
KP 91 100 255
KW 41 0 255
EL 110 212 569 355 1
ST
1058 0.3
RP 3
KP 92 100 255
KW 42 0 255
EL 108 210 568 355 1
ST
1059 0.3
RP 3
KP 93 100 255
KW 43 0 255
EL 106 208 567 355 1
ST
1060 0.3
RP 3
KP 94 100 255
KW 44 0 255
EL 104 206 566 355 1
ST
1061 0.3
RP 3
KP 95 100 255
KW 45 0 255
EL 102 204 565 355 1
ST
1062 0.3
RP 3
KP 96 100 255
KW 46 0 255
EL 100 202 564 355 1
ST
1063 0.3
RP 3
KP 97 100 255
KW 47 0 255
EL 98 200 563 355 1
ST
1064 0.3
RP 3
KP 98 100 255
KW 48 0 255
EL 96 198 562 355 1
ST
1065 0.3
RP 3
KP 99 100 255
KW 49 0 255
EL 94 196 561 355 1
ST
1066 0.3
RP 3
KP 100 100 255
KW 50 0 255
EL 92 194 560 355 1
ST
1067 0.3
RP 3
KP 101 100 255
KW 51 0 255
EL 90 192 559 355 1
ST
1068 0.3
RP 3
KP 102 100 255
KW 52 0 255
EL 88 190 558 355 1
ST
1069 0.3
RP 3
KP 103 100 255
KW 53 0 255
EL 86 188 557 355 1
ST
1070 0.3
RP 3
KP 104 100 255
KW 54 0 255
EL 84 186 556 355 1
ST
1071 0.3
RP 3
KP 105 100 255
KW 55 0 255
EL 82 184 555 355 1
ST
1072 0.3
RP 3
KP 106 100 255
KW 56 0 255
EL 80 182 554 355 1
ST
1073 0.3
RP 3
KP 107 100 255
KW 57 0 255
EL 78 180 553 355 1
ST
1074 0.3
RP 3
KP 108 100 255
KW 58 0 255
EL 76 178 552 355 1
ST
1075 0.3
RP 3
KP 109 100 255
KW 59 0 255
EL 74 176 551 355 1
ST
1076 0.3
RP 3
KP 110 100 255
KW 60 0 255
EL 72 174 550 355 1
ST
1077 0.3
RP 3
KP 111 100 255
KW 61 0 255
EL 70 172 549 355 1
ST
1078 0.3
RP 3
KP 112 100 255
KW 62 0 255
EL 68 170 548 355 1
ST
1079 0.3
RP 3
KP 113 100 255
KW 63 0 255
EL 66 168 547 355 1
ST
1080 0.3
RP 3
KP 114 100 255
KW 64 0 255
EL 64 166 546 355 1
ST
1081 0.3
RP 3
KP 115 100 255
KW 65 0 255
EL 62 164 545 355 1
ST
1082 0.3
RP 3
KP 116 100 255
KW 66 0 255
EL 60 162 544 355 1
ST
1083 0.3
RP 3
KP 117 100 255
KW 67 0 255
EL 58 160 543 355 1
ST
1084 0.3
RP 3
KP 118 100 255
KW 68 0 255
EL 56 158 542 355 1
ST
1085 0.3
RP 3
KP 119 100 255
KW 69 0 255
EL 54 156 541 355 1
ST
1086 0.3
RP 3
KP 120 100 255
KW 70 0 255
EL 52 154 540 355 1
ST
1087 0.3
RP 3
KP 121 100 255
KW 71 0 255
EL 50 152 539 355 1
ST
1088 0.3
RP 3
KP 122 100 255
KW 72 0 255
EL 48 150 538 355 1
ST
1089 0.3
RP 3
KP 123 100 255
KW 73 0 255
EL 46 148 537 355 1
ST
1090 0.3
RP 3
KP 124 100 255
KW 74 0 255
EL 44 146 536 355 1
ST
1091 0.3
RP 3
KP 125 100 255
KW 75 0 255
EL 42 144 535 355 1
ST
1092 0.3
RP 3
KP 126 100 255
KW 76 0 255
EL 40 142 534 355 1
ST
1093 0.3
RP 3
KP 127 100 255
KW 77 0 255
EL 38 140 533 355 1
ST
1094 0.3
RP 3
KP 128 100 255
KW 78 0 255
EL 36 138 532 355 1
ST
1095 0.3
RP 3
KP 129 100 255
KW 79 0 255
EL 34 136 531 355 1
ST
1096 0.3
RP 3
KP 130 100 255
KW 80 0 255
EL 32 134 530 355 1
ST
1097 0.3
RP 3
KP 131 100 255
KW 81 0 255
EL 30 132 529 355 1
ST
1098 0.3
RP 3
KP 132 100 255
KW 82 0 255
EL 28 130 528 355 1
ST
1099 0.3
RP 3
KP 133 100 255
KW 83 0 255
EL 26 128 527 355 1
ST
1100 0.3
RP 3
KP 134 100 255
KW 84 0 255
EL 24 126 526 355 1
ST
1101 0.3
RP 3
KP 135 100 255
KW 85 0 255
EL 22 124 525 355 1
ST
1102 0.3
RP 3
KP 136 100 255
KW 86 0 255
EL 20 122 524 355 1
ST
1103 0.3
RP 3
KP 137 100 255
KW 87 0 255
EL 18 120 523 355 1
ST
1104 0.3
RP 3
KP 138 100 255
KW 88 0 255
EL 16 118 522 355 1
ST
1105 0.3
RP 3
KP 139 100 255
KW 89 0 255
EL 14 116 521 355 1
ST
1106 0.3
RP 3
KP 140 100 255
KW 90 0 255
EL 12 114 520 355 1
ST
1107 0.3
RP 3
KP 141 100 255
KW 91 0 255
EL 10 112 519 355 1
ST
1108 0.3
RP 3
KP 142 100 255
KW 92 0 255
EL 8 110 518 355 1
ST
1109 0.3
RP 3
KP 143 100 255
KW 93 0 255
EL 6 108 517 355 1
ST
1110 0.3
RP 3
KP 144 100 255
KW 94 0 255
EL 4 106 516 355 1
ST
1111 0.3
RP 3
KP 145 100 255
KW 95 0 255
EL 2 104 515 355 1
ST
1112 0.3
RP 3
KP 146 100 255
KW 96 0 255
EL 0 102 514 355 1
ST
1113 0.3
RP 3
KP 147 100 255
KW 97 0 255
EL -2 100 513 355 1
ST
1114 0.3
RP 3
KP 148 100 255
KW 98 0 255
EL 0 98 512 355 1
ST
1115 0.3
RP 3
KP 149 100 255
KW 99 0 255
EL 2 96 511 355 1
ST
1116 0.3
RP 3
KP 150 100 255
KW 100 0 255
EL 4 94 510 355 1
ST
1117 0.3
RP 3
KP 151 100 255
KW 101 0 255
EL 6 92 509 355 1
ST
1118 0.3
RP 3
KP 152 100 255
KW 102 0 255
EL 8 90 508 355 1
ST
1119 0.3
RP 3
KP 153 100 255
KW 103 0 255
EL 10 88 507 355 1
ST
1120 0.3
RP 3
KP 154 100 255
KW 104 0 255
EL 12 86 506 355 1
ST
1121 0.3
RP 3
KP 155 100 255
KW 105 0 255
EL 14 84 505 355 1
ST
1122 0.3
RP 3
KP 156 100 255
KW 106 0 255
EL 16 82 504 355 1
ST
1123 0.3
RP 3
KP 157 100 255
KW 107 0 255
EL 18 80 503 355 1
ST
1124 0.3
RP 3
KP 158 100 255
KW 108 0 255
EL 20 78 502 355 1
ST
1125 0.3
RP 3
KP 159 100 255
KW 109 0 255
EL 22 76 501 355 1
ST
1126 0.3
RP 3
KP 160 100 255
KW 110 0 255
EL 24 74 500 355 1
ST
1127 0.3
RP 3
KP 161 100 255
KW 111 0 255
EL 26 72 499 355 1
ST
1128 0.3
RP 3
KP 162 100 255
KW 112 0 255
EL 28 70 498 355 1
ST
1129 0.3
RP 3
KP 163 100 255
KW 113 0 255
EL 30 68 497 355 1
ST
1130 0.3
RP 3
KP 164 100 255
KW 114 0 255
EL 32 66 496 355 1
ST
1131 0.3
RP 3
KP 165 100 255
KW 115 0 255
EL 34 64 495 355 1
ST
1132 0.3
RP 3
KP 166 100 255
KW 116 0 255
EL 36 62 494 355 1
ST
1133 0.3
RP 3
KP 167 100 255
KW 117 0 255
EL 38 60 493 355 1
ST
1134 0.3
RP 3
KP 168 100 255
KW 118 0 255
EL 40 58 492 355 1
ST
1135 0.3
RP 3
KP 169 100 255
KW 119 0 255
EL 42 56 491 355 1
ST
1136 0.3
RP 3
KP 170 100 255
KW 120 0 255
EL 44 54 490 355 1
ST
1137 0.3
RP 3
KP 171 100 255
KW 121 0 255
EL 46 52 489 355 1
ST
1138 0.3
RP 3
KP 172 100 255
KW 122 0 255
EL 48 50 488 355 1
ST
1139 0.3
RP 3
KP 173 100 255
KW 123 0 255
EL 50 48 487 355 1
ST
1140 0.3
RP 3
KP 174 100 255
KW 124 0 255
EL 52 46 486 355 1
ST
1141 0.3
RP 3
KP 175 100 255
KW 125 0 255
EL 54 44 485 355 1
ST
1142 0.3
RP 3
KP 176 100 255
KW 126 0 255
EL 56 42 484 355 1
ST
1143 0.3
RP 3
KP 177 100 255
KW 127 0 255
EL 58 40 483 355 1
ST
1144 0.3
RP 3
KP 178 100 255
KW 128 0 255
EL 60 38 482 355 1
ST
1145 0.3
RP 3
KP 179 100 255
KW 129 0 255
EL 62 36 481 355 1
ST
1146 0.3
RP 3
KP 180 100 255
KW 130 0 255
EL 64 34 480 355 1
ST
1147 0.3
RP 3
KP 181 100 255
KW 131 0 255
EL 66 32 479 355 1
ST
1148 0.3
RP 3
KP 182 100 255
KW 132 0 255
EL 68 30 478 355 1
ST
1149 0.3
RP 3
KP 183 100 255
KW 133 0 255
EL 70 28 477 355 1
ST
1150 0.3
RP 3
KP 184 100 255
KW 134 0 255
EL 72 26 476 355 1
ST
1151 0.3
RP 3
KP 185 100 255
KW 135 0 255
EL 74 24 475 355 1
ST
1152 0.3
RP 3
KP 186 100 255
KW 136 0 255
EL 76 22 474 355 1
ST
1153 0.3
RP 3
KP 187 100 255
KW 137 0 255
EL 78 20 473 355 1
ST
1154 0.3
RP 3
KP 188 100 255
KW 138 0 255
EL 80 18 472 355 1
ST
1155 0.3
RP 3
KP 189 100 255
KW 139 0 255
EL 82 16 471 355 1
ST
1156 0.3
RP 3
KP 190 100 255
KW 140 0 255
EL 84 14 470 355 1
ST
1157 0.3
RP 3
KP 191 100 255
KW 141 0 255
EL 86 12 469 355 1
ST
1158 0.3
RP 3
KP 192 100 255
KW 142 0 255
EL 88 10 468 355 1
ST
1159 0.3
RP 3
KP 193 100 255
KW 143 0 255
EL 90 8 467 355 1
ST
1160 0.3
RP 3
KP 194 100 255
KW 144 0 255
EL 92 6 466 355 1
ST
1161 0.3
RP 3
KP 195 100 255
KW 145 0 255
EL 94 4 465 355 1
ST
1162 0.3
RP 3
KP 196 100 255
KW 146 0 255
EL 96 2 464 355 1
ST
1163 0.3
RP 3
KP 197 100 255
KW 147 0 255
EL 98 0 463 355 1
ST
1164 0.3
RP 3
KP 198 100 255
KW 148 0 255
EL 100 -2 462 355 1
ST
1165 0.3
RP 3
KP 199 100 255
KW 149 0 255
EL 102 0 461 355 1
ST
1166 0.3
RP 3
KP 200 100 255
KW 150 0 255
EL 104 2 460 355 1
ST
1167 0.3
RP 3
KP 201 100 255
KW 151 0 255
EL 106 4 459 355 1
ST
1168 0.3
RP 3
KP 202 100 255
KW 152 0 255
EL 108 6 458 355 1
ST
1169 0.3
RP 3
KP 203 100 255
KW 153 0 255
EL 110 8 457 355 1
ST
1170 0.3
RP 3
KP 204 100 255
KW 154 0 255
EL 112 10 456 355 1
ST
1171 0.3
RP 3
KP 205 100 255
KW 155 0 255
EL 114 12 455 355 1
ST
1172 0.3
RP 3
KP 206 100 255
KW 156 0 255
EL 116 14 454 355 1
ST
1173 0.3
RP 3
KP 207 100 255
KW 157 0 255
EL 118 16 453 355 1
ST
1174 0.3
RP 3
KP 208 100 255
KW 158 0 255
EL 120 18 452 355 1
ST
1175 0.3
RP 3
KP 209 100 255
KW 159 0 255
EL 122 20 451 355 1
ST
1176 0.3
RP 3
KP 210 100 255
KW 160 0 255
EL 124 22 450 355 1
ST
1177 0.3
RP 3
KP 211 100 255
KW 161 0 255
EL 126 24 449 355 1
ST
1178 0.3
RP 3
KP 212 100 255
KW 162 0 255
EL 128 26 448 355 1
ST
1179 0.3
RP 3
KP 213 100 255
KW 163 0 255
EL 130 28 447 355 1
ST
1180 0.3
RP 3
KP 214 100 255
KW 164 0 255
EL 132 30 446 355 1
ST
1181 0.3
RP 3
KP 215 100 255
KW 165 0 255
EL 134 32 445 355 1
ST
1182 0.3
RP 3
KP 216 100 255
KW 166 0 255
EL 136 34 444 355 1
ST
1183 0.3
RP 3
KP 217 100 255
KW 167 0 255
EL 138 36 443 355 1
ST
1184 0.3
RP 3
KP 218 100 255
KW 168 0 255
EL 140 38 442 355 1
ST
1185 0.3
RP 3
KP 219 100 255
KW 169 0 255
EL 142 40 441 355 1
ST
1186 0.3
RP 3
KP 220 100 255
KW 170 0 255
EL 144 42 440 355 1
ST
1187 0.3
RP 3
KP 221 100 255
KW 171 0 255
EL 146 44 439 355 1
ST
1188 0.3
RP 3
KP 222 100 255
KW 172 0 255
EL 148 46 438 355 1
ST
1189 0.3
RP 3
KP 223 100 255
KW 173 0 255
EL 150 48 437 355 1
ST
1190 0.3
RP 3
KP 224 100 255
KW 174 0 255
EL 152 50 436 355 1
ST
1191 0.3
RP 3
KP 225 100 255
KW 175 0 255
EL 154 52 435 355 1
ST
1192 0.3
RP 3
KP 226 100 255
KW 176 0 255
EL 156 54 434 355 1
ST
1193 0.3
RP 3
KP 227 100 255
KW 177 0 255
EL 158 56 433 355 1
ST
1194 0.3
RP 3
KP 228 100 255
KW 178 0 255
EL 160 58 432 355 1
ST
1195 0.3
RP 3
KP 229 100 255
KW 179 0 255
EL 162 60 431 355 1
ST
1196 0.3
RP 3
KP 230 100 255
KW 180 0 255
EL 164 62 430 355 1
ST
1197 0.3
RP 3
KP 231 100 255
KW 181 0 255
EL 166 64 429 355 1
ST
1198 0.3
RP 3
KP 232 100 255
KW 182 0 255
EL 168 66 428 355 1
ST
1199 0.3
RP 3
KP 233 100 255
KW 183 0 255
EL 170 68 427 355 1
ST
1200 0.3
RP 3
KP 234 100 255
KW 184 0 255
EL 172 70 426 355 1
ST
1201 0.3
RP 3
KP 235 100 255
KW 185 0 255
EL 174 72 425 355 1
ST
1202 0.3
RP 3
KP 236 100 255
KW 186 0 255
EL 176 74 424 355 1
ST
1203 0.3
RP 3
KP 237 100 255
KW 187 0 255
EL 178 76 423 355 1
ST
1204 0.3
RP 3
KP 238 100 255
KW 188 0 255
EL 180 78 422 355 1
ST
1205 0.3
RP 3
KP 239 100 255
KW 189 0 255
EL 182 80 421 355 1
ST
1206 0.3
RP 3
KP 240 100 255
KW 190 0 255
EL 184 82 420 355 1
ST
1207 0.3
RP 3
KP 241 100 255
KW 191 0 255
EL 186 84 419 355 1
ST
1208 0.3
RP 3
KP 242 100 255
KW 192 0 255
EL 188 86 418 355 1
ST
1209 0.3
RP 3
KP 243 100 255
KW 193 0 255
EL 190 88 417 355 1
ST
1210 0.3
RP 3
KP 244 100 255
KW 194 0 255
EL 192 90 416 355 1
ST
1211 0.3
RP 3
KP 245 100 255
KW 195 0 255
EL 194 92 415 355 1
ST
1212 0.3
RP 3
KP 246 100 255
KW 196 0 255
EL 196 94 414 355 1
ST
1213 0.3
RP 3
KP 247 100 255
KW 197 0 255
EL 198 96 413 355 1
ST
1214 0.3
RP 3
KP 248 100 255
KW 198 0 255
EL 200 98 412 355 1
ST
1215 0.3
RP 3
KP 249 100 255
KW 199 0 255
EL 202 100 411 355 1
ST
1216 0.3
RP 3
KP 250 100 255
KW 200 0 255
EL 204 102 410 355 1
ST
1217 0.3
RP 3
KP 251 100 255
KW 201 0 255
EL 206 104 409 355 1
ST
1218 0.3
RP 3
KP 252 100 255
KW 202 0 255
EL 208 106 408 355 1
ST
1219 0.3
RP 3
KP 253 100 255
KW 203 0 255
EL 210 108 407 355 1
ST
1220 0.3
RP 3
KP 254 100 255
KW 204 0 255
EL 212 110 406 355 1
ST
1221 0.3
RP 3
KP 255 100 255
KW 205 0 255
EL 214 112 405 355 1
ST
1222 0.3
RP 3
KP 0 100 255
KW 206 0 255
EL 216 114 404 355 1
ST
1223 0.3
RP 3
KP 1 100 255
KW 207 0 255
EL 218 116 403 355 1
ST
1224 0.3
RP 3
KP 2 100 255
KW 208 0 255
EL 220 118 402 355 1
ST
1225 0.3
RP 3
KP 3 100 255
KW 209 0 255
EL 222 120 401 355 1
ST
1226 0.3
RP 3
KP 4 100 255
KW 210 0 255
EL 224 122 400 355 1
ST
1227 0.3
RP 3
KP 5 100 255
KW 211 0 255
EL 226 124 399 355 1
ST
1228 0.3
RP 3
KP 6 100 255
KW 212 0 255
EL 228 126 398 355 1
ST
1229 0.3
RP 3
KP 7 100 255
KW 213 0 255
EL 230 128 397 355 1
ST
1230 0.3
RP 3
KP 8 100 255
KW 214 0 255
EL 232 130 396 355 1
ST
1231 0.3
RP 3
KP 9 100 255
KW 215 0 255
EL 234 132 395 355 1
ST
1232 0.3
RP 3
KP 10 100 255
KW 216 0 255
EL 236 134 394 355 1
ST
1233 0.3
RP 3
KP 11 100 255
KW 217 0 255
EL 238 136 393 355 1
ST
1234 0.3
RP 3
KP 12 100 255
KW 218 0 255
EL 240 138 392 355 1
ST
1235 0.3
RP 3
KP 13 100 255
KW 219 0 255
EL 242 140 391 355 1
ST
1236 0.3
RP 3
KP 14 100 255
KW 220 0 255
EL 244 142 390 355 1
ST
1237 0.3
RP 3
KP 15 100 255
KW 221 0 255
EL 246 144 389 355 1
ST
1238 0.3
RP 3
KP 16 100 255
KW 222 0 255
EL 248 146 388 355 1
ST
1239 0.3
RP 3
KP 17 100 255
KW 223 0 255
EL 250 148 387 355 1
ST
1240 0.3
RP 3
KP 18 100 255
KW 224 0 255
EL 252 150 386 355 1
ST
1241 0.3
RP 3
KP 19 100 255
KW 225 0 255
EL 254 152 385 355 1
ST
1242 0.3
RP 3
KP 20 100 255
KW 226 0 255
EL 256 154 384 355 1
ST
1243 0.3
RP 3
KP 21 100 255
KW 227 0 255
EL 258 156 383 355 1
ST
1244 0.3
RP 3
KP 22 100 255
KW 228 0 255
EL 260 158 382 355 1
ST
1245 0.3
RP 3
KP 23 100 255
KW 229 0 255
EL 262 160 381 355 1
ST
1246 0.3
RP 3
KP 24 100 255
KW 230 0 255
EL 264 162 380 355 1
ST
1247 0.3
RP 3
KP 25 100 255
KW 231 0 255
EL 266 164 379 355 1
ST
1248 0.3
RP 3
KP 26 100 255
KW 232 0 255
EL 268 166 378 355 1
ST
1249 0.3
RP 3
KP 27 100 255
KW 233 0 255
EL 270 168 377 355 1
ST
1250 0.3
RP 3
KP 28 100 255
KW 234 0 255
EL 272 170 376 355 1
ST
1251 0.3
RP 3
KP 29 100 255
KW 235 0 255
EL 274 172 375 355 1
ST
1252 0.3
RP 3
KP 30 100 255
KW 236 0 255
EL 276 174 374 355 1
ST
1253 0.3
RP 3
KP 31 100 255
KW 237 0 255
EL 278 176 373 355 1
ST
1254 0.3
RP 3
KP 32 100 255
KW 238 0 255
EL 280 178 372 355 1
ST
1255 0.3
RP 3
KP 33 100 255
KW 239 0 255
EL 282 180 371 355 1
ST
1256 0.3
RP 3
KP 34 100 255
KW 240 0 255
EL 284 182 370 355 1
ST
1257 0.3
RP 3
KP 35 100 255
KW 241 0 255
EL 286 184 369 355 1
ST
1258 0.3
RP 3
KP 36 100 255
KW 242 0 255
EL 288 186 368 355 1
ST
1259 0.3
RP 3
KP 37 100 255
KW 243 0 255
EL 290 188 367 355 1
ST
1260 0.3
RP 3
KP 38 100 255
KW 244 0 255
EL 292 190 366 355 1
ST
1261 0.3
RP 3
KP 39 100 255
KW 245 0 255
EL 294 192 365 355 1
ST
1262 0.3
RP 3
KP 40 100 255
KW 246 0 255
EL 296 194 364 355 1
ST
1263 0.3
RP 3
KP 41 100 255
KW 247 0 255
EL 298 196 363 355 1
ST
1264 0.3
RP 3
KP 42 100 255
KW 248 0 255
EL 300 198 362 355 1
ST
1265 0.3
RP 3
KP 43 100 255
KW 249 0 255
EL 302 200 361 355 1
ST
1266 0.3
RP 3
KP 44 100 255
KW 250 0 255
EL 304 202 360 355 1
ST
1267 0.3
RP 3
KP 45 100 255
KW 251 0 255
EL 306 204 359 355 1
ST
1268 0.3
RP 3
KP 46 100 255
KW 252 0 255
EL 308 206 358 355 1
ST
1269 0.3
RP 3
KP 47 100 255
KW 253 0 255
EL 310 208 357 355 1
ST
1270 0.3
RP 3
KP 48 100 255
KW 254 0 255
EL 312 210 356 355 1
ST
1271 0.3
RP 3
KP 49 100 254
KW 255 0 254
EL 314 212 354 354 1
ST
1272 0.3
RP 3
KP 49 100 253
KW 255 0 253
EL 316 214 353 353 1
ST
1273 0.3
RP 3
KP 49 100 252
KW 255 0 252
EL 318 216 352 352 1
ST
1274 0.3
RP 3
KP 49 100 251
KW 255 0 251
EL 320 218 351 351 1
ST
1275 0.3
RP 3
KP 49 100 250
KW 255 0 250
EL 322 220 350 350 1
ST
1276 0.3
RP 3
KP 49 100 249
KW 255 0 249
EL 324 222 349 349 1
ST
1277 0.3
RP 3
KP 49 100 248
KW 255 0 248
EL 326 224 348 348 1
ST
1278 0.3
RP 3
KP 49 100 247
KW 255 0 247
EL 328 226 347 347 1
ST
1279 0.3
RP 3
KP 49 100 246
KW 255 0 246
EL 330 228 346 346 1
ST
1280 0.3
RP 3
KP 49 100 245
KW 255 0 245
EL 332 230 345 345 1
ST
1281 0.3
RP 3
KP 49 100 244
KW 255 0 244
EL 334 232 344 344 1
ST
1282 0.3
RP 3
KP 49 100 243
KW 255 0 243
EL 336 234 343 343 1
ST
1283 0.3
RP 3
KP 49 100 242
KW 255 0 242
EL 338 236 342 342 1
ST
1284 0.3
RP 3
KP 49 100 241
KW 255 0 241
EL 340 238 341 341 1
ST
1285 0.3
RP 3
KP 49 100 240
KW 255 0 240
EL 342 240 340 340 1
ST
1286 0.3
RP 3
KP 49 100 239
KW 255 0 239
EL 344 242 339 339 1
ST
1287 0.3
RP 3
KP 49 100 238
KW 255 0 238
EL 346 244 338 338 1
ST
1288 0.3
RP 3
KP 49 100 237
KW 255 0 237
EL 348 246 337 337 1
ST
1289 0.3
RP 3
KP 49 100 236
KW 255 0 236
EL 350 248 336 336 1
ST
1290 0.3
RP 3
KP 49 100 235
KW 255 0 235
EL 352 250 335 335 1
ST
1291 0.3
RP 3
KP 49 100 234
KW 255 0 234
EL 354 252 334 334 1
ST
1292 0.3
RP 3
KP 49 100 233
KW 255 0 233
EL 356 254 333 333 1
ST
1293 0.3
RP 3
KP 49 100 232
KW 255 0 232
EL 358 256 332 332 1
ST
1294 0.3
RP 3
KP 49 100 231
KW 255 0 231
EL 360 258 331 331 1
ST
1295 0.3
RP 3
KP 49 100 230
KW 255 0 230
EL 362 260 330 330 1
ST
1296 0.3
RP 3
KP 49 100 229
KW 255 0 229
EL 364 262 329 329 1
ST
1297 0.3
RP 3
KP 49 100 228
KW 255 0 228
EL 366 264 328 328 1
ST
1298 0.3
RP 3
KP 49 100 227
KW 255 0 227
EL 368 266 327 327 1
ST
1299 0.3
RP 3
KP 49 100 226
KW 255 0 226
EL 370 268 326 326 1
ST
1300 0.3
RP 3
KP 49 100 225
KW 255 0 225
EL 372 270 325 325 1
ST
1301 0.3
RP 3
KP 49 100 224
KW 255 0 224
EL 374 272 324 324 1
ST
1302 0.3
RP 3
KP 49 100 223
KW 255 0 223
EL 376 274 323 323 1
ST
1303 0.3
RP 3
KP 49 100 222
KW 255 0 222
EL 378 276 322 322 1
ST
1304 0.3
RP 3
KP 49 100 221
KW 255 0 221
EL 380 278 321 321 1
ST
1305 0.3
RP 3
KP 49 100 220
KW 255 0 220
EL 382 280 320 320 1
ST
1306 0.3
RP 3
KP 49 100 219
KW 255 0 219
EL 384 282 319 319 1
ST
1307 0.3
RP 3
KP 49 100 218
KW 255 0 218
EL 386 284 318 318 1
ST
1308 0.3
RP 3
KP 49 100 217
KW 255 0 217
EL 388 282 317 317 1
ST
1309 0.3
RP 3
KP 49 100 216
KW 255 0 216
EL 390 280 316 316 1
ST
1310 0.3
RP 3
KP 49 100 215
KW 255 0 215
EL 392 278 315 315 1
ST
1311 0.3
RP 3
KP 49 100 214
KW 255 0 214
EL 394 276 314 314 1
ST
1312 0.3
RP 3
KP 49 100 213
KW 255 0 213
EL 396 274 313 313 1
ST
1313 0.3
RP 3
KP 49 100 212
KW 255 0 212
EL 398 272 312 312 1
ST
1314 0.3
RP 3
KP 49 100 211
KW 255 0 211
EL 400 270 311 311 1
ST
1315 0.3
RP 3
KP 49 100 210
KW 255 0 210
EL 402 268 310 310 1
ST
1316 0.3
RP 3
KP 49 100 209
KW 255 0 209
EL 404 266 309 309 1
ST
1317 0.3
RP 3
KP 49 100 208
KW 255 0 208
EL 406 264 308 308 1
ST
1318 0.3
RP 3
KP 49 100 207
KW 255 0 207
EL 408 262 307 307 1
ST
1319 0.3
RP 3
KP 49 100 206
KW 255 0 206
EL 410 260 306 306 1
ST
1320 0.3
RP 3
KP 49 100 205
KW 255 0 205
EL 412 258 305 305 1
ST
1321 0.3
RP 3
KP 49 100 204
KW 255 0 204
EL 414 256 304 304 1
ST
1322 0.3
RP 3
KP 49 100 203
KW 255 0 203
EL 416 254 303 303 1
ST
1323 0.3
RP 3
KP 49 100 202
KW 255 0 202
EL 418 252 302 302 1
ST
1324 0.3
RP 3
KP 49 100 201
KW 255 0 201
EL 420 250 301 301 1
ST
1325 0.3
RP 3
KP 49 100 200
KW 255 0 200
EL 422 248 300 300 1
ST
1326 0.3
RP 3
KP 49 100 199
KW 255 0 199
EL 424 246 299 299 1
ST
1327 0.3
RP 3
KP 49 100 198
KW 255 0 198
EL 426 244 298 298 1
ST
1328 0.3
RP 3
KP 49 100 197
KW 255 0 197
EL 428 242 297 297 1
ST
1329 0.3
RP 3
KP 49 100 196
KW 255 0 196
EL 430 240 296 296 1
ST
1330 0.3
RP 3
KP 49 100 195
KW 255 0 195
EL 432 238 295 295 1
ST
1331 0.3
RP 3
KP 49 100 194
KW 255 0 194
EL 434 236 294 294 1
ST
1332 0.3
RP 3
KP 49 100 193
KW 255 0 193
EL 436 234 293 293 1
ST
1333 0.3
RP 3
KP 49 100 192
KW 255 0 192
EL 438 232 292 292 1
ST
1334 0.3
RP 3
KP 49 100 191
KW 255 0 191
EL 440 230 291 291 1
ST
1335 0.3
RP 3
KP 49 100 190
KW 255 0 190
EL 442 228 290 290 1
ST
1336 0.3
RP 3
KP 49 100 189
KW 255 0 189
EL 444 226 289 289 1
ST
1337 0.3
RP 3
KP 49 100 188
KW 255 0 188
EL 446 224 288 288 1
ST
1338 0.3
RP 3
KP 49 100 187
KW 255 0 187
EL 448 222 287 287 1
ST
1339 0.3
RP 3
KP 49 100 186
KW 255 0 186
EL 450 220 286 286 1
ST
1340 0.3
RP 3
KP 49 100 185
KW 255 0 185
EL 452 218 285 285 1
ST
1341 0.3
RP 3
KP 49 100 184
KW 255 0 184
EL 454 216 284 284 1
ST
1342 0.3
RP 3
KP 49 100 183
KW 255 0 183
EL 456 214 283 283 1
ST
1343 0.3
RP 3
KP 49 100 182
KW 255 0 182
EL 458 212 282 282 1
ST
1344 0.3
RP 3
KP 49 100 181
KW 255 0 181
EL 460 210 281 281 1
ST
1345 0.3
RP 3
KP 49 100 180
KW 255 0 180
EL 462 208 280 280 1
ST
1346 0.3
RP 3
KP 49 100 179
KW 255 0 179
EL 464 206 279 279 1
ST
1347 0.3
RP 3
KP 49 100 178
KW 255 0 178
EL 466 204 278 278 1
ST
1348 0.3
RP 3
KP 49 100 177
KW 255 0 177
EL 468 202 277 277 1
ST
1349 0.3
RP 3
KP 49 100 176
KW 255 0 176
EL 470 200 276 276 1
ST
1350 0.3
RP 3
KP 49 100 175
KW 255 0 175
EL 472 198 275 275 1
ST
1351 0.3
RP 3
KP 49 100 174
KW 255 0 174
EL 474 196 274 274 1
ST
1352 0.3
RP 3
KP 49 100 173
KW 255 0 173
EL 476 194 273 273 1
ST
1353 0.3
RP 3
KP 49 100 172
KW 255 0 172
EL 478 192 272 272 1
ST
1354 0.3
RP 3
KP 49 100 171
KW 255 0 171
EL 480 190 271 271 1
ST
1355 0.3
RP 3
KP 49 100 170
KW 255 0 170
EL 482 188 270 270 1
ST
1356 0.3
RP 3
KP 49 100 169
KW 255 0 169
EL 484 186 269 269 1
ST
1357 0.3
RP 3
KP 49 100 168
KW 255 0 168
EL 486 184 268 268 1
ST
1358 0.3
RP 3
KP 49 100 167
KW 255 0 167
EL 488 182 267 267 1
ST
1359 0.3
RP 3
KP 49 100 166
KW 255 0 166
EL 490 180 266 266 1
ST
1360 0.3
RP 3
KP 49 100 165
KW 255 0 165
EL 492 178 265 265 1
ST
1361 0.3
RP 3
KP 49 100 164
KW 255 0 164
EL 494 176 264 264 1
ST
1362 0.3
RP 3
KP 49 100 163
KW 255 0 163
EL 496 174 263 263 1
ST
1363 0.3
RP 3
KP 49 100 162
KW 255 0 162
EL 498 172 262 262 1
ST
1364 0.3
RP 3
KP 49 100 161
KW 255 0 161
EL 500 170 261 261 1
ST
1365 0.3
RP 3
KP 49 100 160
KW 255 0 160
EL 502 168 260 260 1
ST
1366 0.3
RP 3
KP 49 100 159
KW 255 0 159
EL 504 166 259 259 1
ST
1367 0.3
RP 3
KP 49 100 158
KW 255 0 158
EL 506 164 258 258 1
ST
1368 0.3
RP 3
KP 49 100 157
KW 255 0 157
EL 508 162 257 257 1
ST
1369 0.3
RP 3
KP 49 100 156
KW 255 0 156
EL 510 160 256 256 1
ST
1370 0.3
RP 3
KP 49 100 155
KW 255 0 155
EL 512 158 255 255 1
ST
1371 0.3
RP 3
KP 49 100 154
KW 255 0 154
EL 514 156 254 254 1
ST
1372 0.3
RP 3
KP 49 100 153
KW 255 0 153
EL 516 154 253 253 1
ST
1373 0.3
RP 3
KP 49 100 152
KW 255 0 152
EL 518 152 252 252 1
ST
1374 0.3
RP 3
KP 49 100 151
KW 255 0 151
EL 520 150 251 251 1
ST
1375 0.3
RP 3
KP 49 100 150
KW 255 0 150
EL 522 148 250 250 1
ST
1376 0.3
RP 3
KP 49 100 149
KW 255 0 149
EL 524 146 249 249 1
ST
1377 0.3
RP 3
KP 49 100 148
KW 255 0 148
EL 526 144 248 248 1
ST
1378 0.3
RP 3
KP 49 100 147
KW 255 0 147
EL 528 142 247 247 1
ST
1379 0.3
RP 3
KP 49 100 146
KW 255 0 146
EL 530 140 246 246 1
ST
1380 0.3
RP 3
KP 49 100 145
KW 255 0 145
EL 532 138 245 245 1
ST
1381 0.3
RP 3
KP 49 100 144
KW 255 0 144
EL 534 136 244 244 1
ST
1382 0.3
RP 3
KP 49 100 143
KW 255 0 143
EL 536 134 243 243 1
ST
1383 0.3
RP 3
KP 49 100 142
KW 255 0 142
EL 538 132 242 242 1
ST
1384 0.3
RP 3
KP 49 100 141
KW 255 0 141
EL 540 130 241 241 1
ST
1385 0.3
RP 3
KP 49 100 140
KW 255 0 140
EL 542 128 240 240 1
ST
1386 0.3
RP 3
KP 49 100 139
KW 255 0 139
EL 544 126 239 239 1
ST
1387 0.3
RP 3
KP 49 100 138
KW 255 0 138
EL 546 124 238 238 1
ST
1388 0.3
RP 3
KP 49 100 137
KW 255 0 137
EL 548 122 237 237 1
ST
1389 0.3
RP 3
KP 49 100 136
KW 255 0 136
EL 550 120 236 236 1
ST
1390 0.3
RP 3
KP 49 100 135
KW 255 0 135
EL 552 118 235 235 1
ST
1391 0.3
RP 3
KP 49 100 134
KW 255 0 134
EL 554 116 234 234 1
ST
1392 0.3
RP 3
KP 49 100 133
KW 255 0 133
EL 556 114 233 233 1
ST
1393 0.3
RP 3
KP 49 100 132
KW 255 0 132
EL 558 112 232 232 1
ST
1394 0.3
RP 3
KP 49 100 131
KW 255 0 131
EL 560 110 231 231 1
ST
1395 0.3
RP 3
KP 49 100 130
KW 255 0 130
EL 562 108 230 230 1
ST
1396 0.3
RP 3
KP 49 100 129
KW 255 0 129
EL 564 106 229 229 1
ST
1397 0.3
RP 3
KP 49 100 128
KW 255 0 128
EL 566 104 228 228 1
ST
1398 0.3
RP 3
KP 49 100 127
KW 255 0 127
EL 568 102 227 227 1
ST
1399 0.3
RP 3
KP 49 100 126
KW 255 0 126
EL 570 100 226 226 1
ST
1400 0.3
RP 3
KP 49 100 125
KW 255 0 125
EL 572 98 225 225 1
ST
1401 0.3
RP 3
KP 49 100 124
KW 255 0 124
EL 574 96 224 224 1
ST
1402 0.3
RP 3
KP 49 100 123
KW 255 0 123
EL 576 94 223 223 1
ST
1403 0.3
RP 3
KP 49 100 122
KW 255 0 122
EL 578 92 222 222 1
ST
1404 0.3
RP 3
KP 49 100 121
KW 255 0 121
EL 580 90 221 221 1
ST
1405 0.3
RP 3
KP 49 100 120
KW 255 0 120
EL 582 88 220 220 1
ST
1406 0.3
RP 3
KP 49 100 119
KW 255 0 119
EL 580 86 219 219 1
ST
1407 0.3
RP 3
KP 49 100 118
KW 255 0 118
EL 578 84 218 218 1
ST
1408 0.3
RP 3
KP 49 100 117
KW 255 0 117
EL 576 82 217 217 1
ST
1409 0.3
RP 3
KP 49 100 116
KW 255 0 116
EL 574 80 216 216 1
ST
1410 0.3
RP 3
KP 49 100 115
KW 255 0 115
EL 572 78 215 215 1
ST
1411 0.3
RP 3
KP 49 100 114
KW 255 0 114
EL 570 76 214 214 1
ST
1412 0.3
RP 3
KP 49 100 113
KW 255 0 113
EL 568 74 213 213 1
ST
1413 0.3
RP 3
KP 49 100 112
KW 255 0 112
EL 566 72 212 212 1
ST
1414 0.3
RP 3
KP 49 100 111
KW 255 0 111
EL 564 70 211 211 1
ST
1415 0.3
RP 3
KP 49 100 110
KW 255 0 110
EL 562 68 210 210 1
ST
1416 0.3
RP 3
KP 49 100 109
KW 255 0 109
EL 560 66 209 209 1
ST
1417 0.3
RP 3
KP 49 100 108
KW 255 0 108
EL 558 64 208 208 1
ST
1418 0.3
RP 3
KP 49 100 107
KW 255 0 107
EL 556 62 207 207 1
ST
1419 0.3
RP 3
KP 49 100 106
KW 255 0 106
EL 554 60 206 206 1
ST
1420 0.3
RP 3
KP 49 100 105
KW 255 0 105
EL 552 58 205 205 1
ST
1421 0.3
RP 3
KP 49 100 104
KW 255 0 104
EL 550 56 204 204 1
ST
1422 0.3
RP 3
KP 49 100 103
KW 255 0 103
EL 548 54 203 203 1
ST
1423 0.3
RP 3
KP 49 100 102
KW 255 0 102
EL 546 52 202 202 1
ST
1424 0.3
RP 3
KP 49 100 101
KW 255 0 101
EL 544 50 201 201 1
ST
1425 0.3
RP 3
KP 49 100 100
KW 255 0 100
EL 542 48 200 200 1
ST
1426 0.3
RP 3
KP 49 100 99
KW 255 0 99
EL 540 46 199 199 1
ST
1427 0.3
RP 3
KP 49 100 98
KW 255 0 98
EL 538 44 198 198 1
ST
1428 0.3
RP 3
KP 49 100 97
KW 255 0 97
EL 536 42 197 197 1
ST
1429 0.3
RP 3
KP 49 100 96
KW 255 0 96
EL 534 40 196 196 1
ST
1430 0.3
RP 3
KP 49 100 95
KW 255 0 95
EL 532 38 195 195 1
ST
1431 0.3
RP 3
KP 49 100 94
KW 255 0 94
EL 530 36 194 194 1
ST
1432 0.3
RP 3
KP 49 100 93
KW 255 0 93
EL 528 34 193 193 1
ST
1433 0.3
RP 3
KP 49 100 92
KW 255 0 92
EL 526 32 192 192 1
ST
1434 0.3
RP 3
KP 49 100 91
KW 255 0 91
EL 524 30 191 191 1
ST
1435 0.3
RP 3
KP 49 100 90
KW 255 0 90
EL 522 28 190 190 1
ST
1436 0.3
RP 3
KP 49 100 89
KW 255 0 89
EL 520 26 189 189 1
ST
1437 0.3
RP 3
KP 49 100 88
KW 255 0 88
EL 518 24 188 188 1
ST
1438 0.3
RP 3
KP 49 100 87
KW 255 0 87
EL 516 22 187 187 1
ST
1439 0.3
RP 3
KP 49 100 86
KW 255 0 86
EL 514 20 186 186 1
ST
1440 0.3
RP 3
KP 49 100 85
KW 255 0 85
EL 512 18 185 185 1
ST
1441 0.3
RP 3
KP 49 100 84
KW 255 0 84
EL 510 16 184 184 1
ST
1442 0.3
RP 3
KP 49 100 83
KW 255 0 83
EL 508 14 183 183 1
ST
1443 0.3
RP 3
KP 49 100 82
KW 255 0 82
EL 506 12 182 182 1
ST
1444 0.3
RP 3
KP 49 100 81
KW 255 0 81
EL 504 10 181 181 1
ST
1445 0.3
RP 3
KP 49 100 80
KW 255 0 80
EL 502 8 180 180 1
ST
1446 0.3
RP 3
KP 49 100 79
KW 255 0 79
EL 500 6 179 179 1
ST
1447 0.3
RP 3
KP 49 100 78
KW 255 0 78
EL 498 4 178 178 1
ST
1448 0.3
RP 3
KP 49 100 77
KW 255 0 77
EL 496 2 177 177 1
ST
1449 0.3
RP 3
KP 49 100 76
KW 255 0 76
EL 494 0 176 176 1
ST
1450 0.3
RP 3
KP 49 100 75
KW 255 0 75
EL 492 -2 175 175 1
ST
1451 0.3
RP 3
KP 49 100 74
KW 255 0 74
EL 490 0 174 174 1
ST
1452 0.3
RP 3
KP 49 100 73
KW 255 0 73
EL 488 2 173 173 1
ST
1453 0.3
RP 3
KP 49 100 72
KW 255 0 72
EL 486 4 172 172 1
ST
1454 0.3
RP 3
KP 49 100 71
KW 255 0 71
EL 484 6 171 171 1
ST
1455 0.3
RP 3
KP 49 100 70
KW 255 0 70
EL 482 8 170 170 1
ST
1456 0.3
RP 3
KP 49 100 69
KW 255 0 69
EL 480 10 169 169 1
ST
1457 0.3
RP 3
KP 49 100 68
KW 255 0 68
EL 478 12 168 168 1
ST
1458 0.3
RP 3
KP 49 100 67
KW 255 0 67
EL 476 14 167 167 1
ST
1459 0.3
RP 3
KP 49 100 66
KW 255 0 66
EL 474 16 166 166 1
ST
1460 0.3
RP 3
KP 49 100 65
KW 255 0 65
EL 472 18 165 165 1
ST
1461 0.3
RP 3
KP 49 100 64
KW 255 0 64
EL 470 20 164 164 1
ST
1462 0.3
RP 3
KP 49 100 63
KW 255 0 63
EL 468 22 163 163 1
ST
1463 0.3
RP 3
KP 49 100 62
KW 255 0 62
EL 466 24 162 162 1
ST
1464 0.3
RP 3
KP 49 100 61
KW 255 0 61
EL 464 26 161 161 1
ST
1465 0.3
RP 3
KP 49 100 60
KW 255 0 60
EL 462 28 160 160 1
ST
1466 0.3
RP 3
KP 49 100 59
KW 255 0 59
EL 460 30 159 159 1
ST
1467 0.3
RP 3
KP 49 100 58
KW 255 0 58
EL 458 32 158 158 1
ST
1468 0.3
RP 3
KP 49 100 57
KW 255 0 57
EL 456 34 157 157 1
ST
1469 0.3
RP 3
KP 49 100 56
KW 255 0 56
EL 454 36 156 156 1
ST
1470 0.3
RP 3
KP 49 100 55
KW 255 0 55
EL 452 38 155 155 1
ST
1471 0.3
RP 3
KP 49 100 54
KW 255 0 54
EL 450 40 154 154 1
ST
1472 0.3
RP 3
KP 49 100 53
KW 255 0 53
EL 448 42 153 153 1
ST
1473 0.3
RP 3
KP 49 100 52
KW 255 0 52
EL 446 44 152 152 1
ST
1474 0.3
RP 3
KP 49 100 51
KW 255 0 51
EL 444 46 151 151 1
ST
1475 0.3
RP 3
KP 49 100 50
KW 255 0 50
EL 442 48 150 150 1
ST
1476 0.3
RP 3
KP 49 100 49
KW 255 0 49
EL 440 50 149 149 1
ST
1477 0.3
RP 3
KP 49 100 48
KW 255 0 48
EL 438 52 148 148 1
ST
1478 0.3
RP 3
KP 49 100 47
KW 255 0 47
EL 436 54 147 147 1
ST
1479 0.3
RP 3
KP 49 100 46
KW 255 0 46
EL 434 56 146 146 1
ST
1480 0.3
RP 3
KP 49 100 45
KW 255 0 45
EL 432 58 145 145 1
ST
1481 0.3
RP 3
KP 49 100 44
KW 255 0 44
EL 430 60 144 144 1
ST
1482 0.3
RP 3
KP 49 100 43
KW 255 0 43
EL 428 62 143 143 1
ST
1483 0.3
RP 3
KP 49 100 42
KW 255 0 42
EL 426 64 142 142 1
ST
1484 0.3
RP 3
KP 49 100 41
KW 255 0 41
EL 424 66 141 141 1
ST
1485 0.3
RP 3
KP 49 100 40
KW 255 0 40
EL 422 68 140 140 1
ST
1486 0.3
RP 3
KP 49 100 39
KW 255 0 39
EL 420 70 139 139 1
ST
1487 0.3
RP 3
KP 49 100 38
KW 255 0 38
EL 418 72 138 138 1
ST
1488 0.3
RP 3
KP 49 100 37
KW 255 0 37
EL 416 74 137 137 1
ST
1489 0.3
RP 3
KP 49 100 36
KW 255 0 36
EL 414 76 136 136 1
ST
1490 0.3
RP 3
KP 49 100 35
KW 255 0 35
EL 412 78 135 135 1
ST
1491 0.3
RP 3
KP 49 100 34
KW 255 0 34
EL 410 80 134 134 1
ST
1492 0.3
RP 3
KP 49 100 33
KW 255 0 33
EL 408 82 133 133 1
ST
1493 0.3
RP 3
KP 49 100 32
KW 255 0 32
EL 406 84 132 132 1
ST
1494 0.3
RP 3
KP 49 100 31
KW 255 0 31
EL 404 86 131 131 1
ST
1495 0.3
RP 3
KP 49 100 30
KW 255 0 30
EL 402 88 130 130 1
ST
1496 0.3
RP 3
KP 49 100 29
KW 255 0 29
EL 400 90 129 129 1
ST
1497 0.3
RP 3
KP 49 100 28
KW 255 0 28
EL 398 92 128 128 1
ST
1498 0.3
RP 3
KP 49 100 27
KW 255 0 27
EL 396 94 127 127 1
ST
1499 0.3
RP 3
KP 49 100 26
KW 255 0 26
EL 394 96 126 126 1
ST
1500 0.3
RP 3
KP 49 100 25
KW 255 0 25
EL 392 98 125 125 1
ST
1501 0.3
RP 3
KP 49 100 24
KW 255 0 24
EL 390 100 124 124 1
ST
1502 0.3
RP 3
KP 49 100 23
KW 255 0 23
EL 388 102 123 123 1
ST
1503 0.3
RP 3
KP 49 100 22
KW 255 0 22
EL 386 104 122 122 1
ST
1504 0.3
RP 3
KP 49 100 21
KW 255 0 21
EL 384 106 121 121 1
ST
1505 0.3
RP 3
KP 49 100 20
KW 255 0 20
EL 382 108 120 120 1
ST
1506 0.3
RP 3
KP 49 100 19
KW 255 0 19
EL 380 110 119 119 1
ST
1507 0.3
RP 3
KP 49 100 18
KW 255 0 18
EL 378 112 118 118 1
ST
1508 0.3
RP 3
KP 49 100 17
KW 255 0 17
EL 376 114 117 117 1
ST
1509 0.3
RP 3
KP 49 100 16
KW 255 0 16
EL 374 116 116 116 1
ST
1510 0.3
RP 3
KP 49 100 15
KW 255 0 15
EL 372 118 115 115 1
ST
1511 0.3
RP 3
KP 49 100 14
KW 255 0 14
EL 370 120 114 114 1
ST
1512 0.3
RP 3
KP 49 100 13
KW 255 0 13
EL 368 122 113 113 1
ST
1513 0.3
RP 3
KP 49 100 12
KW 255 0 12
EL 366 124 112 112 1
ST
1514 0.3
RP 3
KP 49 100 11
KW 255 0 11
EL 364 126 111 111 1
ST
1515 0.3
RP 3
KP 49 100 10
KW 255 0 10
EL 362 128 110 110 1
ST
1516 0.3
RP 3
KP 49 100 9
KW 255 0 9
EL 360 130 109 109 1
ST
1517 0.3
RP 3
KP 49 100 8
KW 255 0 8
EL 358 132 108 108 1
ST
1518 0.3
RP 3
KP 49 100 7
KW 255 0 7
EL 356 134 107 107 1
ST
1519 0.3
RP 3
KP 49 100 6
KW 255 0 6
EL 354 136 106 106 1
ST
1520 0.3
RP 3
KP 49 100 5
KW 255 0 5
EL 352 138 105 105 1
ST
1521 0.3
RP 3
KP 49 100 4
KW 255 0 4
EL 350 140 104 104 1
ST
1522 0.3
RP 3
KP 49 100 3
KW 255 0 3
EL 348 142 103 103 1
ST
1523 0.3
RP 3
KP 49 100 2
KW 255 0 2
EL 346 144 102 102 1
ST
1524 0.3
RP 3
KP 49 100 1
KW 255 0 1
EL 344 146 101 101 1
ST
1525 0.3
RP 3
KP 49 100 0
KW 255 0 0
EL 342 148 100 100 1
ST
1526 0.3
RP 3
KP 49 101 0
KW 255 1 0
EL 340 150 101 100 1
ST
1527 0.3
RP 3
KP 49 102 0
KW 255 2 0
EL 338 152 102 100 1
ST
1528 0.3
RP 3
KP 49 103 0
KW 255 3 0
EL 336 154 103 100 1
ST
1529 0.3
RP 3
KP 49 104 0
KW 255 4 0
EL 334 156 104 100 1
ST
1530 0.3
RP 3
KP 49 105 0
KW 255 5 0
EL 332 158 105 100 1
ST
1531 0.3
RP 3
KP 49 106 0
KW 255 6 0
EL 330 160 106 100 1
ST
1532 0.3
RP 3
KP 49 107 0
KW 255 7 0
EL 328 162 107 100 1
ST
1533 0.3
RP 3
KP 49 108 0
KW 255 8 0
EL 326 164 108 100 1
ST
1534 0.3
RP 3
KP 49 109 0
KW 255 9 0
EL 324 166 109 100 1
ST
1535 0.3
RP 3
KP 49 110 0
KW 255 10 0
EL 322 168 110 100 1
ST
1536 0.3
RP 3
KP 49 111 0
KW 255 11 0
EL 320 170 111 100 1
ST
1537 0.3
RP 3
KP 49 112 0
KW 255 12 0
EL 318 172 112 100 1
ST
1538 0.3
RP 3
KP 49 113 0
KW 255 13 0
EL 316 174 113 100 1
ST
1539 0.3
RP 3
KP 49 114 0
KW 255 14 0
EL 314 176 114 100 1
ST
1540 0.3
RP 3
KP 49 115 0
KW 255 15 0
EL 312 178 115 100 1
ST
1541 0.3
RP 3
KP 49 116 0
KW 255 16 0
EL 310 180 116 100 1
ST
1542 0.3
RP 3
KP 49 117 0
KW 255 17 0
EL 308 182 117 100 1
ST
1543 0.3
RP 3
KP 49 118 0
KW 255 18 0
EL 306 184 118 100 1
ST
1544 0.3
RP 3
KP 49 119 0
KW 255 19 0
EL 304 186 119 100 1
ST
1545 0.3
RP 3
KP 49 120 0
KW 255 20 0
EL 302 188 120 100 1
ST
1546 0.3
RP 3
KP 49 121 0
KW 255 21 0
EL 300 190 121 100 1
ST
1547 0.3
RP 3
KP 49 122 0
KW 255 22 0
EL 298 192 122 100 1
ST
1548 0.3
RP 3
KP 49 123 0
KW 255 23 0
EL 296 194 123 100 1
ST
1549 0.3
RP 3
KP 49 124 0
KW 255 24 0
EL 294 196 124 100 1
ST
1550 0.3
RP 3
KP 49 125 0
KW 255 25 0
EL 292 198 125 100 1
ST
1551 0.3
RP 3
KP 49 126 0
KW 255 26 0
EL 290 200 126 100 1
ST
1552 0.3
RP 3
KP 49 127 0
KW 255 27 0
EL 288 202 127 100 1
ST
1553 0.3
RP 3
KP 49 128 0
KW 255 28 0
EL 286 204 128 100 1
ST
1554 0.3
RP 3
KP 49 129 0
KW 255 29 0
EL 284 206 129 100 1
ST
1555 0.3
RP 3
KP 49 130 0
KW 255 30 0
EL 282 208 130 100 1
ST
1556 0.3
RP 3
KP 49 131 0
KW 255 31 0
EL 280 210 131 100 1
ST
1557 0.3
RP 3
KP 49 132 0
KW 255 32 0
EL 278 212 132 100 1
ST
1558 0.3
RP 3
KP 49 133 0
KW 255 33 0
EL 276 214 133 100 1
ST
1559 0.3
RP 3
KP 49 134 0
KW 255 34 0
EL 274 216 134 100 1
ST
1560 0.3
RP 3
KP 49 135 0
KW 255 35 0
EL 272 218 135 100 1
ST
1561 0.3
RP 3
KP 49 136 0
KW 255 36 0
EL 270 220 136 100 1
ST
1562 0.3
RP 3
KP 49 137 0
KW 255 37 0
EL 268 222 137 100 1
ST
1563 0.3
RP 3
KP 49 138 0
KW 255 38 0
EL 266 224 138 100 1
ST
1564 0.3
RP 3
KP 49 139 0
KW 255 39 0
EL 264 226 139 100 1
ST
1565 0.3
RP 3
KP 49 140 0
KW 255 40 0
EL 262 228 140 100 1
ST
1566 0.3
RP 3
KP 49 141 0
KW 255 41 0
EL 260 230 141 100 1
ST
1567 0.3
RP 3
KP 49 142 0
KW 255 42 0
EL 258 232 142 100 1
ST
1568 0.3
RP 3
KP 49 143 0
KW 255 43 0
EL 256 234 143 100 1
ST
1569 0.3
RP 3
KP 49 144 0
KW 255 44 0
EL 254 236 144 100 1
ST
1570 0.3
RP 3
KP 49 145 0
KW 255 45 0
EL 252 238 145 100 1
ST
1571 0.3
RP 3
KP 49 146 0
KW 255 46 0
EL 250 240 146 100 1
ST
1572 0.3
RP 3
KP 49 147 0
KW 255 47 0
EL 248 242 147 100 1
ST
1573 0.3
RP 3
KP 49 148 0
KW 255 48 0
EL 246 244 148 100 1
ST
1574 0.3
RP 3
KP 49 149 0
KW 255 49 0
EL 244 246 149 100 1
ST
1575 0.3
RP 3
KP 49 150 0
KW 255 50 0
EL 242 248 150 100 1
ST
1576 0.3
RP 3
KP 49 151 0
KW 255 51 0
EL 240 250 151 100 1
ST
1577 0.3
RP 3
KP 49 152 0
KW 255 52 0
EL 238 252 152 100 1
ST
1578 0.3
RP 3
KP 49 153 0
KW 255 53 0
EL 236 254 153 100 1
ST
1579 0.3
RP 3
KP 49 154 0
KW 255 54 0
EL 234 256 154 100 1
ST
1580 0.3
RP 3
KP 49 155 0
KW 255 55 0
EL 232 258 155 100 1
ST
1581 0.3
RP 3
KP 49 156 0
KW 255 56 0
EL 230 260 156 100 1
ST
1582 0.3
RP 3
KP 49 157 0
KW 255 57 0
EL 228 262 157 100 1
ST
1583 0.3
RP 3
KP 49 158 0
KW 255 58 0
EL 226 264 158 100 1
ST
1584 0.3
RP 3
KP 49 159 0
KW 255 59 0
EL 224 266 159 100 1
ST
1585 0.3
RP 3
KP 49 160 0
KW 255 60 0
EL 222 268 160 100 1
ST
1586 0.3
RP 3
KP 49 161 0
KW 255 61 0
EL 220 270 161 100 1
ST
1587 0.3
RP 3
KP 49 162 0
KW 255 62 0
EL 218 272 162 100 1
ST
1588 0.3
RP 3
KP 49 163 0
KW 255 63 0
EL 216 274 163 100 1
ST
1589 0.3
RP 3
KP 49 164 0
KW 255 64 0
EL 214 276 164 100 1
ST
1590 0.3
RP 3
KP 49 165 0
KW 255 65 0
EL 212 278 165 100 1
ST
1591 0.3
RP 3
KP 49 166 0
KW 255 66 0
EL 210 280 166 100 1
ST
1592 0.3
RP 3
KP 49 167 0
KW 255 67 0
EL 208 282 167 100 1
ST
1593 0.3
RP 3
KP 49 168 0
KW 255 68 0
EL 206 284 168 100 1
ST
1594 0.3
RP 3
KP 49 169 0
KW 255 69 0
EL 204 286 169 100 1
ST
1595 0.3
RP 3
KP 49 170 0
KW 255 70 0
EL 202 288 170 100 1
ST
1596 0.3
RP 3
KP 49 171 0
KW 255 71 0
EL 200 290 171 100 1
ST
1597 0.3
RP 3
KP 49 172 0
KW 255 72 0
EL 198 292 172 100 1
ST
1598 0.3
RP 3
KP 49 173 0
KW 255 73 0
EL 196 294 173 100 1
ST
1599 0.3
RP 3
KP 49 174 0
KW 255 74 0
EL 194 296 174 100 1
ST
1600 0.3
RP 3
KP 49 175 0
KW 255 75 0
EL 192 298 175 100 1
ST
