800 600 
1 1
RP 3
KP 0 0 0
KW 255 1 0
EL 301 51 100 100 1
ST
2 1
RP 3
KP 0 0 0
KW 255 2 0
EL 302 52 100 100 1
ST
3 1
RP 3
KP 0 0 0
KW 255 3 0
EL 303 53 100 100 1
ST
4 1
RP 3
KP 0 0 0
KW 255 4 0
EL 304 54 100 100 1
ST
5 1
RP 3
KP 0 0 0
KW 255 5 0
EL 305 55 100 100 1
ST
6 1
RP 3
KP 0 0 0
KW 255 6 0
EL 306 56 100 100 1
ST
7 1
RP 3
KP 0 0 0
KW 255 7 0
EL 307 57 100 100 1
ST
8 1
RP 3
KP 0 0 0
KW 255 8 0
EL 308 58 100 100 1
ST
9 1
RP 3
KP 0 0 0
KW 255 9 0
EL 309 59 100 100 1
ST
10 1
RP 3
KP 0 0 0
KW 255 10 0
EL 310 60 100 100 1
ST
11 1
RP 3
KP 0 0 0
KW 255 11 0
EL 311 61 100 100 1
ST
12 1
RP 3
KP 0 0 0
KW 255 12 0
EL 312 62 100 100 1
ST
13 1
RP 3
KP 0 0 0
KW 255 13 0
EL 313 63 100 100 1
ST
14 1
RP 3
KP 0 0 0
KW 255 14 0
EL 314 64 100 100 1
ST
15 1
RP 3
KP 0 0 0
KW 255 15 0
EL 315 65 100 100 1
ST
16 1
RP 3
KP 0 0 0
KW 255 16 0
EL 316 66 100 100 1
ST
17 1
RP 3
KP 0 0 0
KW 255 17 0
EL 317 67 100 100 1
ST
18 1
RP 3
KP 0 0 0
KW 255 18 0
EL 318 68 100 100 1
ST
19 1
RP 3
KP 0 0 0
KW 255 19 0
EL 319 69 100 100 1
ST
20 1
RP 3
KP 0 0 0
KW 255 20 0
EL 320 70 100 100 1
ST
21 1
RP 3
KP 0 0 0
KW 255 21 0
EL 321 71 100 100 1
ST
22 1
RP 3
KP 0 0 0
KW 255 22 0
EL 322 72 100 100 1
ST
23 1
RP 3
KP 0 0 0
KW 255 23 0
EL 323 73 100 100 1
ST
24 1
RP 3
KP 0 0 0
KW 255 24 0
EL 324 74 100 100 1
ST
25 1
RP 3
KP 0 0 0
KW 255 25 0
EL 325 75 100 100 1
ST
26 1
RP 3
KP 0 0 0
KW 255 26 0
EL 326 76 100 100 1
ST
27 1
RP 3
KP 0 0 0
KW 255 27 0
EL 327 77 100 100 1
ST
28 1
RP 3
KP 0 0 0
KW 255 28 0
EL 328 78 100 100 1
ST
29 1
RP 3
KP 0 0 0
KW 255 29 0
EL 329 79 100 100 1
ST
30 1
RP 3
KP 0 0 0
KW 255 30 0
EL 330 80 100 100 1
ST
31 1
RP 3
KP 0 0 0
KW 255 31 0
EL 331 81 100 100 1
ST
32 1
RP 3
KP 0 0 0
KW 255 32 0
EL 332 82 100 100 1
ST
33 1
RP 3
KP 0 0 0
KW 255 33 0
EL 333 83 100 100 1
ST
34 1
RP 3
KP 0 0 0
KW 255 34 0
EL 334 84 100 100 1
ST
35 1
RP 3
KP 0 0 0
KW 255 35 0
EL 335 85 100 100 1
ST
36 1
RP 3
KP 0 0 0
KW 255 36 0
EL 336 86 100 100 1
ST
37 1
RP 3
KP 0 0 0
KW 255 37 0
EL 337 87 100 100 1
ST
38 1
RP 3
KP 0 0 0
KW 255 38 0
EL 338 88 100 100 1
ST
39 1
RP 3
KP 0 0 0
KW 255 39 0
EL 339 89 100 100 1
ST
40 1
RP 3
KP 0 0 0
KW 255 40 0
EL 340 90 100 100 1
ST
41 1
RP 3
KP 0 0 0
KW 255 41 0
EL 341 91 100 100 1
ST
42 1
RP 3
KP 0 0 0
KW 255 42 0
EL 342 92 100 100 1
ST
43 1
RP 3
KP 0 0 0
KW 255 43 0
EL 343 93 100 100 1
ST
44 1
RP 3
KP 0 0 0
KW 255 44 0
EL 344 94 100 100 1
ST
45 1
RP 3
KP 0 0 0
KW 255 45 0
EL 345 95 100 100 1
ST
46 1
RP 3
KP 0 0 0
KW 255 46 0
EL 346 96 100 100 1
ST
47 1
RP 3
KP 0 0 0
KW 255 47 0
EL 347 97 100 100 1
ST
48 1
RP 3
KP 0 0 0
KW 255 48 0
EL 348 98 100 100 1
ST
49 1
RP 3
KP 0 0 0
KW 255 49 0
EL 349 99 100 100 1
ST
50 1
RP 3
KP 0 0 0
KW 255 50 0
EL 350 100 100 100 1
ST
51 1
RP 3
KP 0 0 0
KW 255 51 0
EL 351 101 100 100 1
ST
52 1
RP 3
KP 0 0 0
KW 255 52 0
EL 352 102 100 100 1
ST
53 1
RP 3
KP 0 0 0
KW 255 53 0
EL 353 103 100 100 1
ST
54 1
RP 3
KP 0 0 0
KW 255 54 0
EL 354 104 100 100 1
ST
55 1
RP 3
KP 0 0 0
KW 255 55 0
EL 355 105 100 100 1
ST
56 1
RP 3
KP 0 0 0
KW 255 56 0
EL 356 106 100 100 1
ST
57 1
RP 3
KP 0 0 0
KW 255 57 0
EL 357 107 100 100 1
ST
58 1
RP 3
KP 0 0 0
KW 255 58 0
EL 358 108 100 100 1
ST
59 1
RP 3
KP 0 0 0
KW 255 59 0
EL 359 109 100 100 1
ST
60 1
RP 3
KP 0 0 0
KW 255 60 0
EL 360 110 100 100 1
ST
61 1
RP 3
KP 0 0 0
KW 255 61 0
EL 361 111 100 100 1
ST
62 1
RP 3
KP 0 0 0
KW 255 62 0
EL 362 112 100 100 1
ST
63 1
RP 3
KP 0 0 0
KW 255 63 0
EL 363 113 100 100 1
ST
64 1
RP 3
KP 0 0 0
KW 255 64 0
EL 364 114 100 100 1
ST
65 1
RP 3
KP 0 0 0
KW 255 65 0
EL 365 115 100 100 1
ST
66 1
RP 3
KP 0 0 0
KW 255 66 0
EL 366 116 100 100 1
ST
67 1
RP 3
KP 0 0 0
KW 255 67 0
EL 367 117 100 100 1
ST
68 1
RP 3
KP 0 0 0
KW 255 68 0
EL 368 118 100 100 1
ST
69 1
RP 3
KP 0 0 0
KW 255 69 0
EL 369 119 100 100 1
ST
70 1
RP 3
KP 0 0 0
KW 255 70 0
EL 370 120 100 100 1
ST
71 1
RP 3
KP 0 0 0
KW 255 71 0
EL 371 121 100 100 1
ST
72 1
RP 3
KP 0 0 0
KW 255 72 0
EL 372 122 100 100 1
ST
73 1
RP 3
KP 0 0 0
KW 255 73 0
EL 373 123 100 100 1
ST
74 1
RP 3
KP 0 0 0
KW 255 74 0
EL 374 124 100 100 1
ST
75 1
RP 3
KP 0 0 0
KW 255 75 0
EL 375 125 100 100 1
ST
76 1
RP 3
KP 0 0 0
KW 255 76 0
EL 376 126 100 100 1
ST
77 1
RP 3
KP 0 0 0
KW 255 77 0
EL 377 127 100 100 1
ST
78 1
RP 3
KP 0 0 0
KW 255 78 0
EL 378 128 100 100 1
ST
79 1
RP 3
KP 0 0 0
KW 255 79 0
EL 379 129 100 100 1
ST
80 1
RP 3
KP 0 0 0
KW 255 80 0
EL 380 130 100 100 1
ST
81 1
RP 3
KP 0 0 0
KW 255 81 0
EL 381 131 100 100 1
ST
82 1
RP 3
KP 0 0 0
KW 255 82 0
EL 382 132 100 100 1
ST
83 1
RP 3
KP 0 0 0
KW 255 83 0
EL 383 133 100 100 1
ST
84 1
RP 3
KP 0 0 0
KW 255 84 0
EL 384 134 100 100 1
ST
85 1
RP 3
KP 0 0 0
KW 255 85 0
EL 385 135 100 100 1
ST
86 1
RP 3
KP 0 0 0
KW 255 86 0
EL 386 136 100 100 1
ST
87 1
RP 3
KP 0 0 0
KW 255 87 0
EL 387 137 100 100 1
ST
88 1
RP 3
KP 0 0 0
KW 255 88 0
EL 388 138 100 100 1
ST
89 1
RP 3
KP 0 0 0
KW 255 89 0
EL 389 139 100 100 1
ST
90 1
RP 3
KP 0 0 0
KW 255 90 0
EL 390 140 100 100 1
ST
91 1
RP 3
KP 0 0 0
KW 255 91 0
EL 391 141 100 100 1
ST
92 1
RP 3
KP 0 0 0
KW 255 92 0
EL 392 142 100 100 1
ST
93 1
RP 3
KP 0 0 0
KW 255 93 0
EL 393 143 100 100 1
ST
94 1
RP 3
KP 0 0 0
KW 255 94 0
EL 394 144 100 100 1
ST
95 1
RP 3
KP 0 0 0
KW 255 95 0
EL 395 145 100 100 1
ST
96 1
RP 3
KP 0 0 0
KW 255 96 0
EL 396 146 100 100 1
ST
97 1
RP 3
KP 0 0 0
KW 255 97 0
EL 397 147 100 100 1
ST
98 1
RP 3
KP 0 0 0
KW 255 98 0
EL 398 148 100 100 1
ST
99 1
RP 3
KP 0 0 0
KW 255 99 0
EL 399 149 100 100 1
ST
100 1
RP 3
KP 0 0 0
KW 255 100 0
EL 400 150 100 100 1
ST
101 1
RP 3
KP 0 0 0
KW 255 101 0
EL 401 151 100 100 1
ST
102 1
RP 3
KP 0 0 0
KW 255 102 0
EL 402 152 100 100 1
ST
103 1
RP 3
KP 0 0 0
KW 255 103 0
EL 403 153 100 100 1
ST
104 1
RP 3
KP 0 0 0
KW 255 104 0
EL 404 154 100 100 1
ST
105 1
RP 3
KP 0 0 0
KW 255 105 0
EL 405 155 100 100 1
ST
106 1
RP 3
KP 0 0 0
KW 255 106 0
EL 406 156 100 100 1
ST
107 1
RP 3
KP 0 0 0
KW 255 107 0
EL 407 157 100 100 1
ST
108 1
RP 3
KP 0 0 0
KW 255 108 0
EL 408 158 100 100 1
ST
109 1
RP 3
KP 0 0 0
KW 255 109 0
EL 409 159 100 100 1
ST
110 1
RP 3
KP 0 0 0
KW 255 110 0
EL 410 160 100 100 1
ST
111 1
RP 3
KP 0 0 0
KW 255 111 0
EL 411 161 100 100 1
ST
112 1
RP 3
KP 0 0 0
KW 255 112 0
EL 412 162 100 100 1
ST
113 1
RP 3
KP 0 0 0
KW 255 113 0
EL 413 163 100 100 1
ST
114 1
RP 3
KP 0 0 0
KW 255 114 0
EL 414 164 100 100 1
ST
115 1
RP 3
KP 0 0 0
KW 255 115 0
EL 415 165 100 100 1
ST
116 1
RP 3
KP 0 0 0
KW 255 116 0
EL 416 166 100 100 1
ST
117 1
RP 3
KP 0 0 0
KW 255 117 0
EL 417 167 100 100 1
ST
118 1
RP 3
KP 0 0 0
KW 255 118 0
EL 418 168 100 100 1
ST
119 1
RP 3
KP 0 0 0
KW 255 119 0
EL 419 169 100 100 1
ST
120 1
RP 3
KP 0 0 0
KW 255 120 0
EL 420 170 100 100 1
ST
121 1
RP 3
KP 0 0 0
KW 255 121 0
EL 421 171 100 100 1
ST
122 1
RP 3
KP 0 0 0
KW 255 122 0
EL 422 172 100 100 1
ST
123 1
RP 3
KP 0 0 0
KW 255 123 0
EL 423 173 100 100 1
ST
124 1
RP 3
KP 0 0 0
KW 255 124 0
EL 424 174 100 100 1
ST
125 1
RP 3
KP 0 0 0
KW 255 125 0
EL 425 175 100 100 1
ST
126 1
RP 3
KP 0 0 0
KW 255 126 0
EL 426 176 100 100 1
ST
127 1
RP 3
KP 0 0 0
KW 255 127 0
EL 427 177 100 100 1
ST
128 1
RP 3
KP 0 0 0
KW 255 128 0
EL 428 178 100 100 1
ST
129 1
RP 3
KP 0 0 0
KW 255 129 0
EL 429 179 100 100 1
ST
130 1
RP 3
KP 0 0 0
KW 255 130 0
EL 430 180 100 100 1
ST
131 1
RP 3
KP 0 0 0
KW 255 131 0
EL 431 181 100 100 1
ST
132 1
RP 3
KP 0 0 0
KW 255 132 0
EL 432 182 100 100 1
ST
133 1
RP 3
KP 0 0 0
KW 255 133 0
EL 433 183 100 100 1
ST
134 1
RP 3
KP 0 0 0
KW 255 134 0
EL 434 184 100 100 1
ST
135 1
RP 3
KP 0 0 0
KW 255 135 0
EL 435 185 100 100 1
ST
136 1
RP 3
KP 0 0 0
KW 255 136 0
EL 436 186 100 100 1
ST
137 1
RP 3
KP 0 0 0
KW 255 137 0
EL 437 187 100 100 1
ST
138 1
RP 3
KP 0 0 0
KW 255 138 0
EL 438 188 100 100 1
ST
139 1
RP 3
KP 0 0 0
KW 255 139 0
EL 439 189 100 100 1
ST
140 1
RP 3
KP 0 0 0
KW 255 140 0
EL 440 190 100 100 1
ST
141 1
RP 3
KP 0 0 0
KW 255 141 0
EL 441 191 100 100 1
ST
142 1
RP 3
KP 0 0 0
KW 255 142 0
EL 442 192 100 100 1
ST
143 1
RP 3
KP 0 0 0
KW 255 143 0
EL 443 193 100 100 1
ST
144 1
RP 3
KP 0 0 0
KW 255 144 0
EL 444 194 100 100 1
ST
145 1
RP 3
KP 0 0 0
KW 255 145 0
EL 445 195 100 100 1
ST
146 1
RP 3
KP 0 0 0
KW 255 146 0
EL 446 196 100 100 1
ST
147 1
RP 3
KP 0 0 0
KW 255 147 0
EL 447 197 100 100 1
ST
148 1
RP 3
KP 0 0 0
KW 255 148 0
EL 448 198 100 100 1
ST
149 1
RP 3
KP 0 0 0
KW 255 149 0
EL 449 199 100 100 1
ST
150 1
RP 3
KP 0 0 0
KW 255 150 0
EL 450 200 100 100 1
ST
151 1
RP 3
KP 0 0 0
KW 255 151 0
EL 451 201 100 100 1
ST
152 1
RP 3
KP 0 0 0
KW 255 152 0
EL 452 202 100 100 1
ST
153 1
RP 3
KP 0 0 0
KW 255 153 0
EL 453 203 100 100 1
ST
154 1
RP 3
KP 0 0 0
KW 255 154 0
EL 454 204 100 100 1
ST
155 1
RP 3
KP 0 0 0
KW 255 155 0
EL 455 205 100 100 1
ST
156 1
RP 3
KP 0 0 0
KW 255 156 0
EL 456 206 100 100 1
ST
157 1
RP 3
KP 0 0 0
KW 255 157 0
EL 457 207 100 100 1
ST
158 1
RP 3
KP 0 0 0
KW 255 158 0
EL 458 208 100 100 1
ST
159 1
RP 3
KP 0 0 0
KW 255 159 0
EL 459 209 100 100 1
ST
160 1
RP 3
KP 0 0 0
KW 255 160 0
EL 460 210 100 100 1
ST
161 1
RP 3
KP 0 0 0
KW 255 161 0
EL 461 211 100 100 1
ST
162 1
RP 3
KP 0 0 0
KW 255 162 0
EL 462 212 100 100 1
ST
163 1
RP 3
KP 0 0 0
KW 255 163 0
EL 463 213 100 100 1
ST
164 1
RP 3
KP 0 0 0
KW 255 164 0
EL 464 214 100 100 1
ST
165 1
RP 3
KP 0 0 0
KW 255 165 0
EL 465 215 100 100 1
ST
166 1
RP 3
KP 0 0 0
KW 255 166 0
EL 466 216 100 100 1
ST
167 1
RP 3
KP 0 0 0
KW 255 167 0
EL 467 217 100 100 1
ST
168 1
RP 3
KP 0 0 0
KW 255 168 0
EL 468 218 100 100 1
ST
169 1
RP 3
KP 0 0 0
KW 255 169 0
EL 469 219 100 100 1
ST
170 1
RP 3
KP 0 0 0
KW 255 170 0
EL 470 220 100 100 1
ST
171 1
RP 3
KP 0 0 0
KW 255 171 0
EL 471 221 100 100 1
ST
172 1
RP 3
KP 0 0 0
KW 255 172 0
EL 472 222 100 100 1
ST
173 1
RP 3
KP 0 0 0
KW 255 173 0
EL 473 223 100 100 1
ST
174 1
RP 3
KP 0 0 0
KW 255 174 0
EL 474 224 100 100 1
ST
175 1
RP 3
KP 0 0 0
KW 255 175 0
EL 475 225 100 100 1
ST
176 1
RP 3
KP 0 0 0
KW 255 176 0
EL 476 226 100 100 1
ST
177 1
RP 3
KP 0 0 0
KW 255 177 0
EL 477 227 100 100 1
ST
178 1
RP 3
KP 0 0 0
KW 255 178 0
EL 478 228 100 100 1
ST
179 1
RP 3
KP 0 0 0
KW 255 179 0
EL 479 229 100 100 1
ST
180 1
RP 3
KP 0 0 0
KW 255 180 0
EL 480 230 100 100 1
ST
181 1
RP 3
KP 0 0 0
KW 255 181 0
EL 481 231 100 100 1
ST
182 1
RP 3
KP 0 0 0
KW 255 182 0
EL 482 232 100 100 1
ST
183 1
RP 3
KP 0 0 0
KW 255 183 0
EL 483 233 100 100 1
ST
184 1
RP 3
KP 0 0 0
KW 255 184 0
EL 484 234 100 100 1
ST
185 1
RP 3
KP 0 0 0
KW 255 185 0
EL 485 235 100 100 1
ST
186 1
RP 3
KP 0 0 0
KW 255 186 0
EL 486 236 100 100 1
ST
187 1
RP 3
KP 0 0 0
KW 255 187 0
EL 487 237 100 100 1
ST
188 1
RP 3
KP 0 0 0
KW 255 188 0
EL 488 238 100 100 1
ST
189 1
RP 3
KP 0 0 0
KW 255 189 0
EL 489 239 100 100 1
ST
190 1
RP 3
KP 0 0 0
KW 255 190 0
EL 490 240 100 100 1
ST
191 1
RP 3
KP 0 0 0
KW 255 191 0
EL 491 241 100 100 1
ST
192 1
RP 3
KP 0 0 0
KW 255 192 0
EL 492 242 100 100 1
ST
193 1
RP 3
KP 0 0 0
KW 255 193 0
EL 493 243 100 100 1
ST
194 1
RP 3
KP 0 0 0
KW 255 194 0
EL 494 244 100 100 1
ST
195 1
RP 3
KP 0 0 0
KW 255 195 0
EL 495 245 100 100 1
ST
196 1
RP 3
KP 0 0 0
KW 255 196 0
EL 496 246 100 100 1
ST
197 1
RP 3
KP 0 0 0
KW 255 197 0
EL 497 247 100 100 1
ST
198 1
RP 3
KP 0 0 0
KW 255 198 0
EL 498 248 100 100 1
ST
199 1
RP 3
KP 0 0 0
KW 255 199 0
EL 499 249 100 100 1
ST
200 1
RP 3
KP 0 0 0
KW 255 200 0
EL 500 250 100 100 1
ST
201 1
RP 3
KP 0 0 0
KW 255 201 0
EL 501 251 100 100 1
ST
202 1
RP 3
KP 0 0 0
KW 255 202 0
EL 502 252 100 100 1
ST
203 1
RP 3
KP 0 0 0
KW 255 203 0
EL 503 253 100 100 1
ST
204 1
RP 3
KP 0 0 0
KW 255 204 0
EL 504 254 100 100 1
ST
205 1
RP 3
KP 0 0 0
KW 255 205 0
EL 505 255 100 100 1
ST
206 1
RP 3
KP 0 0 0
KW 255 206 0
EL 506 256 100 100 1
ST
207 1
RP 3
KP 0 0 0
KW 255 207 0
EL 507 257 100 100 1
ST
208 1
RP 3
KP 0 0 0
KW 255 208 0
EL 508 258 100 100 1
ST
209 1
RP 3
KP 0 0 0
KW 255 209 0
EL 509 259 100 100 1
ST
210 1
RP 3
KP 0 0 0
KW 255 210 0
EL 510 260 100 100 1
ST
211 1
RP 3
KP 0 0 0
KW 255 211 0
EL 511 261 100 100 1
ST
212 1
RP 3
KP 0 0 0
KW 255 212 0
EL 512 262 100 100 1
ST
213 1
RP 3
KP 0 0 0
KW 255 213 0
EL 513 263 100 100 1
ST
214 1
RP 3
KP 0 0 0
KW 255 214 0
EL 514 264 100 100 1
ST
215 1
RP 3
KP 0 0 0
KW 255 215 0
EL 515 265 100 100 1
ST
216 1
RP 3
KP 0 0 0
KW 255 216 0
EL 516 266 100 100 1
ST
217 1
RP 3
KP 0 0 0
KW 255 217 0
EL 517 267 100 100 1
ST
218 1
RP 3
KP 0 0 0
KW 255 218 0
EL 518 268 100 100 1
ST
219 1
RP 3
KP 0 0 0
KW 255 219 0
EL 519 269 100 100 1
ST
220 1
RP 3
KP 0 0 0
KW 255 220 0
EL 520 270 100 100 1
ST
221 1
RP 3
KP 0 0 0
KW 255 221 0
EL 521 271 100 100 1
ST
222 1
RP 3
KP 0 0 0
KW 255 222 0
EL 522 272 100 100 1
ST
223 1
RP 3
KP 0 0 0
KW 255 223 0
EL 523 273 100 100 1
ST
224 1
RP 3
KP 0 0 0
KW 255 224 0
EL 524 274 100 100 1
ST
225 1
RP 3
KP 0 0 0
KW 255 225 0
EL 525 275 100 100 1
ST
226 1
RP 3
KP 0 0 0
KW 255 226 0
EL 526 276 100 100 1
ST
227 1
RP 3
KP 0 0 0
KW 255 227 0
EL 527 277 100 100 1
ST
228 1
RP 3
KP 0 0 0
KW 255 228 0
EL 528 278 100 100 1
ST
229 1
RP 3
KP 0 0 0
KW 255 229 0
EL 529 279 100 100 1
ST
230 1
RP 3
KP 0 0 0
KW 255 230 0
EL 530 280 100 100 1
ST
231 1
RP 3
KP 0 0 0
KW 255 231 0
EL 531 281 100 100 1
ST
232 1
RP 3
KP 0 0 0
KW 255 232 0
EL 532 282 100 100 1
ST
233 1
RP 3
KP 0 0 0
KW 255 233 0
EL 533 283 100 100 1
ST
234 1
RP 3
KP 0 0 0
KW 255 234 0
EL 534 284 100 100 1
ST
235 1
RP 3
KP 0 0 0
KW 255 235 0
EL 535 285 100 100 1
ST
236 1
RP 3
KP 0 0 0
KW 255 236 0
EL 536 286 100 100 1
ST
237 1
RP 3
KP 0 0 0
KW 255 237 0
EL 537 287 100 100 1
ST
238 1
RP 3
KP 0 0 0
KW 255 238 0
EL 538 288 100 100 1
ST
239 1
RP 3
KP 0 0 0
KW 255 239 0
EL 539 289 100 100 1
ST
240 1
RP 3
KP 0 0 0
KW 255 240 0
EL 540 290 100 100 1
ST
241 1
RP 3
KP 0 0 0
KW 255 241 0
EL 541 291 100 100 1
ST
242 1
RP 3
KP 0 0 0
KW 255 242 0
EL 542 292 100 100 1
ST
243 1
RP 3
KP 0 0 0
KW 255 243 0
EL 543 293 100 100 1
ST
244 1
RP 3
KP 0 0 0
KW 255 244 0
EL 544 294 100 100 1
ST
245 1
RP 3
KP 0 0 0
KW 255 245 0
EL 545 295 100 100 1
ST
246 1
RP 3
KP 0 0 0
KW 255 246 0
EL 546 296 100 100 1
ST
247 1
RP 3
KP 0 0 0
KW 255 247 0
EL 547 297 100 100 1
ST
248 1
RP 3
KP 0 0 0
KW 255 248 0
EL 548 298 100 100 1
ST
249 1
RP 3
KP 0 0 0
KW 255 249 0
EL 549 299 100 100 1
ST
250 1
RP 3
KP 0 0 0
KW 255 250 0
EL 550 300 100 100 1
ST
251 1
RP 3
KP 0 0 0
KW 255 251 0
EL 551 301 100 100 1
ST
252 1
RP 3
KP 0 0 0
KW 255 252 0
EL 552 302 100 100 1
ST
253 1
RP 3
KP 0 0 0
KW 255 253 0
EL 553 303 100 100 1
ST
254 1
RP 3
KP 0 0 0
KW 255 254 0
EL 554 304 100 100 1
ST
255 1
RP 3
KP 0 0 0
KW 254 255 0
EL 555 305 100 100 1
ST
256 1
RP 3
KP 0 0 0
KW 253 255 0
EL 556 306 100 100 1
ST
257 1
RP 3
KP 0 0 0
KW 252 255 0
EL 557 307 100 100 1
ST
258 1
RP 3
KP 0 0 0
KW 251 255 0
EL 558 308 100 100 1
ST
259 1
RP 3
KP 0 0 0
KW 250 255 0
EL 559 309 100 100 1
ST
260 1
RP 3
KP 0 0 0
KW 249 255 0
EL 560 310 100 100 1
ST
261 1
RP 3
KP 0 0 0
KW 248 255 0
EL 561 311 100 100 1
ST
262 1
RP 3
KP 0 0 0
KW 247 255 0
EL 562 312 100 100 1
ST
263 1
RP 3
KP 0 0 0
KW 246 255 0
EL 563 313 100 100 1
ST
264 1
RP 3
KP 0 0 0
KW 245 255 0
EL 564 314 100 100 1
ST
265 1
RP 3
KP 0 0 0
KW 244 255 0
EL 565 315 100 100 1
ST
266 1
RP 3
KP 0 0 0
KW 243 255 0
EL 566 316 100 100 1
ST
267 1
RP 3
KP 0 0 0
KW 242 255 0
EL 567 317 100 100 1
ST
268 1
RP 3
KP 0 0 0
KW 241 255 0
EL 568 318 100 100 1
ST
269 1
RP 3
KP 0 0 0
KW 240 255 0
EL 569 319 100 100 1
ST
270 1
RP 3
KP 0 0 0
KW 239 255 0
EL 570 320 100 100 1
ST
271 1
RP 3
KP 0 0 0
KW 238 255 0
EL 571 321 100 100 1
ST
272 1
RP 3
KP 0 0 0
KW 237 255 0
EL 572 322 100 100 1
ST
273 1
RP 3
KP 0 0 0
KW 236 255 0
EL 573 323 100 100 1
ST
274 1
RP 3
KP 0 0 0
KW 235 255 0
EL 574 324 100 100 1
ST
275 1
RP 3
KP 0 0 0
KW 234 255 0
EL 575 325 100 100 1
ST
276 1
RP 3
KP 0 0 0
KW 233 255 0
EL 576 326 100 100 1
ST
277 1
RP 3
KP 0 0 0
KW 232 255 0
EL 577 327 100 100 1
ST
278 1
RP 3
KP 0 0 0
KW 231 255 0
EL 578 328 100 100 1
ST
279 1
RP 3
KP 0 0 0
KW 230 255 0
EL 579 329 100 100 1
ST
280 1
RP 3
KP 0 0 0
KW 229 255 0
EL 580 330 100 100 1
ST
281 1
RP 3
KP 0 0 0
KW 228 255 0
EL 581 331 100 100 1
ST
282 1
RP 3
KP 0 0 0
KW 227 255 0
EL 582 332 100 100 1
ST
283 1
RP 3
KP 0 0 0
KW 226 255 0
EL 583 333 100 100 1
ST
284 1
RP 3
KP 0 0 0
KW 225 255 0
EL 584 334 100 100 1
ST
285 1
RP 3
KP 0 0 0
KW 224 255 0
EL 585 335 100 100 1
ST
286 1
RP 3
KP 0 0 0
KW 223 255 0
EL 586 336 100 100 1
ST
287 1
RP 3
KP 0 0 0
KW 222 255 0
EL 587 337 100 100 1
ST
288 1
RP 3
KP 0 0 0
KW 221 255 0
EL 588 338 100 100 1
ST
289 1
RP 3
KP 0 0 0
KW 220 255 0
EL 589 339 100 100 1
ST
290 1
RP 3
KP 0 0 0
KW 219 255 0
EL 590 340 100 100 1
ST
291 1
RP 3
KP 0 0 0
KW 218 255 0
EL 591 341 100 100 1
ST
292 1
RP 3
KP 0 0 0
KW 217 255 0
EL 592 342 100 100 1
ST
293 1
RP 3
KP 0 0 0
KW 216 255 0
EL 593 343 100 100 1
ST
294 1
RP 3
KP 0 0 0
KW 215 255 0
EL 594 344 100 100 1
ST
295 1
RP 3
KP 0 0 0
KW 214 255 0
EL 595 345 100 100 1
ST
296 1
RP 3
KP 0 0 0
KW 213 255 0
EL 596 346 100 100 1
ST
297 1
RP 3
KP 0 0 0
KW 212 255 0
EL 597 347 100 100 1
ST
298 1
RP 3
KP 0 0 0
KW 211 255 0
EL 598 348 100 100 1
ST
299 1
RP 3
KP 0 0 0
KW 210 255 0
EL 599 349 100 100 1
ST
300 1
RP 3
KP 0 0 0
KW 209 255 0
EL 600 350 100 100 1
ST
301 1
RP 3
KP 0 0 0
KW 208 255 0
EL 601 351 100 100 1
ST
302 1
RP 3
KP 0 0 0
KW 207 255 0
EL 602 352 100 100 1
ST
303 1
RP 3
KP 0 0 0
KW 206 255 0
EL 603 353 100 100 1
ST
304 1
RP 3
KP 0 0 0
KW 205 255 0
EL 604 354 100 100 1
ST
305 1
RP 3
KP 0 0 0
KW 204 255 0
EL 605 355 100 100 1
ST
306 1
RP 3
KP 0 0 0
KW 203 255 0
EL 606 356 100 100 1
ST
307 1
RP 3
KP 0 0 0
KW 202 255 0
EL 607 357 100 100 1
ST
308 1
RP 3
KP 0 0 0
KW 201 255 0
EL 608 358 100 100 1
ST
309 1
RP 3
KP 0 0 0
KW 200 255 0
EL 609 359 100 100 1
ST
310 1
RP 3
KP 0 0 0
KW 199 255 0
EL 610 360 100 100 1
ST
311 1
RP 3
KP 0 0 0
KW 198 255 0
EL 611 361 100 100 1
ST
312 1
RP 3
KP 0 0 0
KW 197 255 0
EL 612 362 100 100 1
ST
313 1
RP 3
KP 0 0 0
KW 196 255 0
EL 613 363 100 100 1
ST
314 1
RP 3
KP 0 0 0
KW 195 255 0
EL 614 364 100 100 1
ST
315 1
RP 3
KP 0 0 0
KW 194 255 0
EL 615 365 100 100 1
ST
316 1
RP 3
KP 0 0 0
KW 193 255 0
EL 616 366 100 100 1
ST
317 1
RP 3
KP 0 0 0
KW 192 255 0
EL 617 367 100 100 1
ST
318 1
RP 3
KP 0 0 0
KW 191 255 0
EL 618 368 100 100 1
ST
319 1
RP 3
KP 0 0 0
KW 190 255 0
EL 619 369 100 100 1
ST
320 1
RP 3
KP 0 0 0
KW 189 255 0
EL 620 370 100 100 1
ST
321 1
RP 3
KP 0 0 0
KW 188 255 0
EL 621 371 100 100 1
ST
322 1
RP 3
KP 0 0 0
KW 187 255 0
EL 622 372 100 100 1
ST
323 1
RP 3
KP 0 0 0
KW 186 255 0
EL 623 373 100 100 1
ST
324 1
RP 3
KP 0 0 0
KW 185 255 0
EL 624 374 100 100 1
ST
325 1
RP 3
KP 0 0 0
KW 184 255 0
EL 625 375 100 100 1
ST
326 1
RP 3
KP 0 0 0
KW 183 255 0
EL 626 376 100 100 1
ST
327 1
RP 3
KP 0 0 0
KW 182 255 0
EL 627 377 100 100 1
ST
328 1
RP 3
KP 0 0 0
KW 181 255 0
EL 628 378 100 100 1
ST
329 1
RP 3
KP 0 0 0
KW 180 255 0
EL 629 379 100 100 1
ST
330 1
RP 3
KP 0 0 0
KW 179 255 0
EL 630 380 100 100 1
ST
331 1
RP 3
KP 0 0 0
KW 178 255 0
EL 631 381 100 100 1
ST
332 1
RP 3
KP 0 0 0
KW 177 255 0
EL 632 382 100 100 1
ST
333 1
RP 3
KP 0 0 0
KW 176 255 0
EL 633 383 100 100 1
ST
334 1
RP 3
KP 0 0 0
KW 175 255 0
EL 634 384 100 100 1
ST
335 1
RP 3
KP 0 0 0
KW 174 255 0
EL 635 385 100 100 1
ST
336 1
RP 3
KP 0 0 0
KW 173 255 0
EL 636 386 100 100 1
ST
337 1
RP 3
KP 0 0 0
KW 172 255 0
EL 637 387 100 100 1
ST
338 1
RP 3
KP 0 0 0
KW 171 255 0
EL 638 388 100 100 1
ST
339 1
RP 3
KP 0 0 0
KW 170 255 0
EL 639 389 100 100 1
ST
340 1
RP 3
KP 0 0 0
KW 169 255 0
EL 640 390 100 100 1
ST
341 1
RP 3
KP 0 0 0
KW 168 255 0
EL 641 391 100 100 1
ST
342 1
RP 3
KP 0 0 0
KW 167 255 0
EL 642 392 100 100 1
ST
343 1
RP 3
KP 0 0 0
KW 166 255 0
EL 643 393 100 100 1
ST
344 1
RP 3
KP 0 0 0
KW 165 255 0
EL 644 394 100 100 1
ST
345 1
RP 3
KP 0 0 0
KW 164 255 0
EL 645 395 100 100 1
ST
346 1
RP 3
KP 0 0 0
KW 163 255 0
EL 646 396 100 100 1
ST
347 1
RP 3
KP 0 0 0
KW 162 255 0
EL 647 397 100 100 1
ST
348 1
RP 3
KP 0 0 0
KW 161 255 0
EL 648 398 100 100 1
ST
349 1
RP 3
KP 0 0 0
KW 160 255 0
EL 649 399 100 100 1
ST
350 1
RP 3
KP 0 0 0
KW 159 255 0
EL 650 400 100 100 1
ST
351 1
RP 3
KP 0 0 0
KW 158 255 0
EL 651 401 100 100 1
ST
352 1
RP 3
KP 0 0 0
KW 157 255 0
EL 652 402 100 100 1
ST
353 1
RP 3
KP 0 0 0
KW 156 255 0
EL 653 403 100 100 1
ST
354 1
RP 3
KP 0 0 0
KW 155 255 0
EL 654 404 100 100 1
ST
355 1
RP 3
KP 0 0 0
KW 154 255 0
EL 655 405 100 100 1
ST
356 1
RP 3
KP 0 0 0
KW 153 255 0
EL 656 406 100 100 1
ST
357 1
RP 3
KP 0 0 0
KW 152 255 0
EL 657 407 100 100 1
ST
358 1
RP 3
KP 0 0 0
KW 151 255 0
EL 658 408 100 100 1
ST
359 1
RP 3
KP 0 0 0
KW 150 255 0
EL 659 409 100 100 1
ST
360 1
RP 3
KP 0 0 0
KW 149 255 0
EL 660 410 100 100 1
ST
361 1
RP 3
KP 0 0 0
KW 148 255 0
EL 661 411 100 100 1
ST
362 1
RP 3
KP 0 0 0
KW 147 255 0
EL 662 412 100 100 1
ST
363 1
RP 3
KP 0 0 0
KW 146 255 0
EL 663 413 100 100 1
ST
364 1
RP 3
KP 0 0 0
KW 145 255 0
EL 664 414 100 100 1
ST
365 1
RP 3
KP 0 0 0
KW 144 255 0
EL 665 415 100 100 1
ST
366 1
RP 3
KP 0 0 0
KW 143 255 0
EL 666 416 100 100 1
ST
367 1
RP 3
KP 0 0 0
KW 142 255 0
EL 667 417 100 100 1
ST
368 1
RP 3
KP 0 0 0
KW 141 255 0
EL 668 418 100 100 1
ST
369 1
RP 3
KP 0 0 0
KW 140 255 0
EL 669 419 100 100 1
ST
370 1
RP 3
KP 0 0 0
KW 139 255 0
EL 670 420 100 100 1
ST
371 1
RP 3
KP 0 0 0
KW 138 255 0
EL 671 421 100 100 1
ST
372 1
RP 3
KP 0 0 0
KW 137 255 0
EL 672 422 100 100 1
ST
373 1
RP 3
KP 0 0 0
KW 136 255 0
EL 673 423 100 100 1
ST
374 1
RP 3
KP 0 0 0
KW 135 255 0
EL 674 424 100 100 1
ST
375 1
RP 3
KP 0 0 0
KW 134 255 0
EL 675 425 100 100 1
ST
376 1
RP 3
KP 0 0 0
KW 133 255 0
EL 676 426 100 100 1
ST
377 1
RP 3
KP 0 0 0
KW 132 255 0
EL 677 427 100 100 1
ST
378 1
RP 3
KP 0 0 0
KW 131 255 0
EL 678 428 100 100 1
ST
379 1
RP 3
KP 0 0 0
KW 130 255 0
EL 679 429 100 100 1
ST
380 1
RP 3
KP 0 0 0
KW 129 255 0
EL 680 430 100 100 1
ST
381 1
RP 3
KP 0 0 0
KW 128 255 0
EL 681 431 100 100 1
ST
382 1
RP 3
KP 0 0 0
KW 127 255 0
EL 682 432 100 100 1
ST
383 1
RP 3
KP 0 0 0
KW 126 255 0
EL 683 433 100 100 1
ST
384 1
RP 3
KP 0 0 0
KW 125 255 0
EL 684 434 100 100 1
ST
385 1
RP 3
KP 0 0 0
KW 124 255 0
EL 685 435 100 100 1
ST
386 1
RP 3
KP 0 0 0
KW 123 255 0
EL 686 436 100 100 1
ST
387 1
RP 3
KP 0 0 0
KW 122 255 0
EL 687 437 100 100 1
ST
388 1
RP 3
KP 0 0 0
KW 121 255 0
EL 688 438 100 100 1
ST
389 1
RP 3
KP 0 0 0
KW 120 255 0
EL 689 439 100 100 1
ST
390 1
RP 3
KP 0 0 0
KW 119 255 0
EL 690 440 100 100 1
ST
391 1
RP 3
KP 0 0 0
KW 118 255 0
EL 691 441 100 100 1
ST
392 1
RP 3
KP 0 0 0
KW 117 255 0
EL 692 442 100 100 1
ST
393 1
RP 3
KP 0 0 0
KW 116 255 0
EL 693 443 100 100 1
ST
394 1
RP 3
KP 0 0 0
KW 115 255 0
EL 694 444 100 100 1
ST
395 1
RP 3
KP 0 0 0
KW 114 255 0
EL 695 445 100 100 1
ST
396 1
RP 3
KP 0 0 0
KW 113 255 0
EL 696 446 100 100 1
ST
397 1
RP 3
KP 0 0 0
KW 112 255 0
EL 697 447 100 100 1
ST
398 1
RP 3
KP 0 0 0
KW 111 255 0
EL 698 448 100 100 1
ST
399 1
RP 3
KP 0 0 0
KW 110 255 0
EL 699 449 100 100 1
ST
400 1
RP 3
KP 0 0 0
KW 109 255 0
EL 700 450 100 100 1
ST
401 1
RP 3
KP 0 0 0
KW 108 255 0
EL 701 451 100 100 1
ST
402 1
RP 3
KP 0 0 0
KW 107 255 0
EL 700 452 100 100 1
ST
403 1
RP 3
KP 0 0 0
KW 106 255 0
EL 699 453 100 100 1
ST
404 1
RP 3
KP 0 0 0
KW 105 255 0
EL 698 454 100 100 1
ST
405 1
RP 3
KP 0 0 0
KW 104 255 0
EL 697 455 100 100 1
ST
406 1
RP 3
KP 0 0 0
KW 103 255 0
EL 696 456 100 100 1
ST
407 1
RP 3
KP 0 0 0
KW 102 255 0
EL 695 457 100 100 1
ST
408 1
RP 3
KP 0 0 0
KW 101 255 0
EL 694 458 100 100 1
ST
409 1
RP 3
KP 0 0 0
KW 100 255 0
EL 693 459 100 100 1
ST
410 1
RP 3
KP 0 0 0
KW 99 255 0
EL 692 460 100 100 1
ST
411 1
RP 3
KP 0 0 0
KW 98 255 0
EL 691 461 100 100 1
ST
412 1
RP 3
KP 0 0 0
KW 97 255 0
EL 690 462 100 100 1
ST
413 1
RP 3
KP 0 0 0
KW 96 255 0
EL 689 463 100 100 1
ST
414 1
RP 3
KP 0 0 0
KW 95 255 0
EL 688 464 100 100 1
ST
415 1
RP 3
KP 0 0 0
KW 94 255 0
EL 687 465 100 100 1
ST
416 1
RP 3
KP 0 0 0
KW 93 255 0
EL 686 466 100 100 1
ST
417 1
RP 3
KP 0 0 0
KW 92 255 0
EL 685 467 100 100 1
ST
418 1
RP 3
KP 0 0 0
KW 91 255 0
EL 684 468 100 100 1
ST
419 1
RP 3
KP 0 0 0
KW 90 255 0
EL 683 469 100 100 1
ST
420 1
RP 3
KP 0 0 0
KW 89 255 0
EL 682 470 100 100 1
ST
421 1
RP 3
KP 0 0 0
KW 88 255 0
EL 681 471 100 100 1
ST
422 1
RP 3
KP 0 0 0
KW 87 255 0
EL 680 472 100 100 1
ST
423 1
RP 3
KP 0 0 0
KW 86 255 0
EL 679 473 100 100 1
ST
424 1
RP 3
KP 0 0 0
KW 85 255 0
EL 678 474 100 100 1
ST
425 1
RP 3
KP 0 0 0
KW 84 255 0
EL 677 475 100 100 1
ST
426 1
RP 3
KP 0 0 0
KW 83 255 0
EL 676 476 100 100 1
ST
427 1
RP 3
KP 0 0 0
KW 82 255 0
EL 675 477 100 100 1
ST
428 1
RP 3
KP 0 0 0
KW 81 255 0
EL 674 478 100 100 1
ST
429 1
RP 3
KP 0 0 0
KW 80 255 0
EL 673 479 100 100 1
ST
430 1
RP 3
KP 0 0 0
KW 79 255 0
EL 672 480 100 100 1
ST
431 1
RP 3
KP 0 0 0
KW 78 255 0
EL 671 481 100 100 1
ST
432 1
RP 3
KP 0 0 0
KW 77 255 0
EL 670 482 100 100 1
ST
433 1
RP 3
KP 0 0 0
KW 76 255 0
EL 669 483 100 100 1
ST
434 1
RP 3
KP 0 0 0
KW 75 255 0
EL 668 484 100 100 1
ST
435 1
RP 3
KP 0 0 0
KW 74 255 0
EL 667 485 100 100 1
ST
436 1
RP 3
KP 0 0 0
KW 73 255 0
EL 666 486 100 100 1
ST
437 1
RP 3
KP 0 0 0
KW 72 255 0
EL 665 487 100 100 1
ST
438 1
RP 3
KP 0 0 0
KW 71 255 0
EL 664 488 100 100 1
ST
439 1
RP 3
KP 0 0 0
KW 70 255 0
EL 663 489 100 100 1
ST
440 1
RP 3
KP 0 0 0
KW 69 255 0
EL 662 490 100 100 1
ST
441 1
RP 3
KP 0 0 0
KW 68 255 0
EL 661 491 100 100 1
ST
442 1
RP 3
KP 0 0 0
KW 67 255 0
EL 660 492 100 100 1
ST
443 1
RP 3
KP 0 0 0
KW 66 255 0
EL 659 493 100 100 1
ST
444 1
RP 3
KP 0 0 0
KW 65 255 0
EL 658 494 100 100 1
ST
445 1
RP 3
KP 0 0 0
KW 64 255 0
EL 657 495 100 100 1
ST
446 1
RP 3
KP 0 0 0
KW 63 255 0
EL 656 496 100 100 1
ST
447 1
RP 3
KP 0 0 0
KW 62 255 0
EL 655 497 100 100 1
ST
448 1
RP 3
KP 0 0 0
KW 61 255 0
EL 654 498 100 100 1
ST
449 1
RP 3
KP 0 0 0
KW 60 255 0
EL 653 499 100 100 1
ST
450 1
RP 3
KP 0 0 0
KW 59 255 0
EL 652 500 100 100 1
ST
451 1
RP 3
KP 0 0 0
KW 58 255 0
EL 651 501 100 100 1
ST
452 1
RP 3
KP 0 0 0
KW 57 255 0
EL 650 500 100 100 1
ST
453 1
RP 3
KP 0 0 0
KW 56 255 0
EL 649 499 100 100 1
ST
454 1
RP 3
KP 0 0 0
KW 55 255 0
EL 648 498 100 100 1
ST
455 1
RP 3
KP 0 0 0
KW 54 255 0
EL 647 497 100 100 1
ST
456 1
RP 3
KP 0 0 0
KW 53 255 0
EL 646 496 100 100 1
ST
457 1
RP 3
KP 0 0 0
KW 52 255 0
EL 645 495 100 100 1
ST
458 1
RP 3
KP 0 0 0
KW 51 255 0
EL 644 494 100 100 1
ST
459 1
RP 3
KP 0 0 0
KW 50 255 0
EL 643 493 100 100 1
ST
460 1
RP 3
KP 0 0 0
KW 49 255 0
EL 642 492 100 100 1
ST
461 1
RP 3
KP 0 0 0
KW 48 255 0
EL 641 491 100 100 1
ST
462 1
RP 3
KP 0 0 0
KW 47 255 0
EL 640 490 100 100 1
ST
463 1
RP 3
KP 0 0 0
KW 46 255 0
EL 639 489 100 100 1
ST
464 1
RP 3
KP 0 0 0
KW 45 255 0
EL 638 488 100 100 1
ST
465 1
RP 3
KP 0 0 0
KW 44 255 0
EL 637 487 100 100 1
ST
466 1
RP 3
KP 0 0 0
KW 43 255 0
EL 636 486 100 100 1
ST
467 1
RP 3
KP 0 0 0
KW 42 255 0
EL 635 485 100 100 1
ST
468 1
RP 3
KP 0 0 0
KW 41 255 0
EL 634 484 100 100 1
ST
469 1
RP 3
KP 0 0 0
KW 40 255 0
EL 633 483 100 100 1
ST
470 1
RP 3
KP 0 0 0
KW 39 255 0
EL 632 482 100 100 1
ST
471 1
RP 3
KP 0 0 0
KW 38 255 0
EL 631 481 100 100 1
ST
472 1
RP 3
KP 0 0 0
KW 37 255 0
EL 630 480 100 100 1
ST
473 1
RP 3
KP 0 0 0
KW 36 255 0
EL 629 479 100 100 1
ST
474 1
RP 3
KP 0 0 0
KW 35 255 0
EL 628 478 100 100 1
ST
475 1
RP 3
KP 0 0 0
KW 34 255 0
EL 627 477 100 100 1
ST
476 1
RP 3
KP 0 0 0
KW 33 255 0
EL 626 476 100 100 1
ST
477 1
RP 3
KP 0 0 0
KW 32 255 0
EL 625 475 100 100 1
ST
478 1
RP 3
KP 0 0 0
KW 31 255 0
EL 624 474 100 100 1
ST
479 1
RP 3
KP 0 0 0
KW 30 255 0
EL 623 473 100 100 1
ST
480 1
RP 3
KP 0 0 0
KW 29 255 0
EL 622 472 100 100 1
ST
481 1
RP 3
KP 0 0 0
KW 28 255 0
EL 621 471 100 100 1
ST
482 1
RP 3
KP 0 0 0
KW 27 255 0
EL 620 470 100 100 1
ST
483 1
RP 3
KP 0 0 0
KW 26 255 0
EL 619 469 100 100 1
ST
484 1
RP 3
KP 0 0 0
KW 25 255 0
EL 618 468 100 100 1
ST
485 1
RP 3
KP 0 0 0
KW 24 255 0
EL 617 467 100 100 1
ST
486 1
RP 3
KP 0 0 0
KW 23 255 0
EL 616 466 100 100 1
ST
487 1
RP 3
KP 0 0 0
KW 22 255 0
EL 615 465 100 100 1
ST
488 1
RP 3
KP 0 0 0
KW 21 255 0
EL 614 464 100 100 1
ST
489 1
RP 3
KP 0 0 0
KW 20 255 0
EL 613 463 100 100 1
ST
490 1
RP 3
KP 0 0 0
KW 19 255 0
EL 612 462 100 100 1
ST
491 1
RP 3
KP 0 0 0
KW 18 255 0
EL 611 461 100 100 1
ST
492 1
RP 3
KP 0 0 0
KW 17 255 0
EL 610 460 100 100 1
ST
493 1
RP 3
KP 0 0 0
KW 16 255 0
EL 609 459 100 100 1
ST
494 1
RP 3
KP 0 0 0
KW 15 255 0
EL 608 458 100 100 1
ST
495 1
RP 3
KP 0 0 0
KW 14 255 0
EL 607 457 100 100 1
ST
496 1
RP 3
KP 0 0 0
KW 13 255 0
EL 606 456 100 100 1
ST
497 1
RP 3
KP 0 0 0
KW 12 255 0
EL 605 455 100 100 1
ST
498 1
RP 3
KP 0 0 0
KW 11 255 0
EL 604 454 100 100 1
ST
499 1
RP 3
KP 0 0 0
KW 10 255 0
EL 603 453 100 100 1
ST
500 1
RP 3
KP 0 0 0
KW 9 255 0
EL 602 452 100 100 1
ST
501 1
RP 3
KP 0 0 0
KW 8 255 0
EL 601 451 100 100 1
ST
502 1
RP 3
KP 0 0 0
KW 7 255 0
EL 600 450 100 100 1
ST
503 1
RP 3
KP 0 0 0
KW 6 255 0
EL 599 449 100 100 1
ST
504 1
RP 3
KP 0 0 0
KW 5 255 0
EL 598 448 100 100 1
ST
505 1
RP 3
KP 0 0 0
KW 4 255 0
EL 597 447 100 100 1
ST
506 1
RP 3
KP 0 0 0
KW 3 255 0
EL 596 446 100 100 1
ST
507 1
RP 3
KP 0 0 0
KW 2 255 0
EL 595 445 100 100 1
ST
508 1
RP 3
KP 0 0 0
KW 1 255 0
EL 594 444 100 100 1
ST
509 1
RP 3
KP 0 0 0
KW 0 255 1
EL 593 443 100 100 1
ST
510 1
RP 3
KP 0 0 0
KW 0 255 2
EL 592 442 100 100 1
ST
511 1
RP 3
KP 0 0 0
KW 0 255 3
EL 591 441 100 100 1
ST
512 1
RP 3
KP 0 0 0
KW 0 255 4
EL 590 440 100 100 1
ST
513 1
RP 3
KP 0 0 0
KW 0 255 5
EL 589 439 100 100 1
ST
514 1
RP 3
KP 0 0 0
KW 0 255 6
EL 588 438 100 100 1
ST
515 1
RP 3
KP 0 0 0
KW 0 255 7
EL 587 437 100 100 1
ST
516 1
RP 3
KP 0 0 0
KW 0 255 8
EL 586 436 100 100 1
ST
517 1
RP 3
KP 0 0 0
KW 0 255 9
EL 585 435 100 100 1
ST
518 1
RP 3
KP 0 0 0
KW 0 255 10
EL 584 434 100 100 1
ST
519 1
RP 3
KP 0 0 0
KW 0 255 11
EL 583 433 100 100 1
ST
520 1
RP 3
KP 0 0 0
KW 0 255 12
EL 582 432 100 100 1
ST
521 1
RP 3
KP 0 0 0
KW 0 255 13
EL 581 431 100 100 1
ST
522 1
RP 3
KP 0 0 0
KW 0 255 14
EL 580 430 100 100 1
ST
523 1
RP 3
KP 0 0 0
KW 0 255 15
EL 579 429 100 100 1
ST
524 1
RP 3
KP 0 0 0
KW 0 255 16
EL 578 428 100 100 1
ST
525 1
RP 3
KP 0 0 0
KW 0 255 17
EL 577 427 100 100 1
ST
526 1
RP 3
KP 0 0 0
KW 0 255 18
EL 576 426 100 100 1
ST
527 1
RP 3
KP 0 0 0
KW 0 255 19
EL 575 425 100 100 1
ST
528 1
RP 3
KP 0 0 0
KW 0 255 20
EL 574 424 100 100 1
ST
529 1
RP 3
KP 0 0 0
KW 0 255 21
EL 573 423 100 100 1
ST
530 1
RP 3
KP 0 0 0
KW 0 255 22
EL 572 422 100 100 1
ST
531 1
RP 3
KP 0 0 0
KW 0 255 23
EL 571 421 100 100 1
ST
532 1
RP 3
KP 0 0 0
KW 0 255 24
EL 570 420 100 100 1
ST
533 1
RP 3
KP 0 0 0
KW 0 255 25
EL 569 419 100 100 1
ST
534 1
RP 3
KP 0 0 0
KW 0 255 26
EL 568 418 100 100 1
ST
535 1
RP 3
KP 0 0 0
KW 0 255 27
EL 567 417 100 100 1
ST
536 1
RP 3
KP 0 0 0
KW 0 255 28
EL 566 416 100 100 1
ST
537 1
RP 3
KP 0 0 0
KW 0 255 29
EL 565 415 100 100 1
ST
538 1
RP 3
KP 0 0 0
KW 0 255 30
EL 564 414 100 100 1
ST
539 1
RP 3
KP 0 0 0
KW 0 255 31
EL 563 413 100 100 1
ST
540 1
RP 3
KP 0 0 0
KW 0 255 32
EL 562 412 100 100 1
ST
541 1
RP 3
KP 0 0 0
KW 0 255 33
EL 561 411 100 100 1
ST
542 1
RP 3
KP 0 0 0
KW 0 255 34
EL 560 410 100 100 1
ST
543 1
RP 3
KP 0 0 0
KW 0 255 35
EL 559 409 100 100 1
ST
544 1
RP 3
KP 0 0 0
KW 0 255 36
EL 558 408 100 100 1
ST
545 1
RP 3
KP 0 0 0
KW 0 255 37
EL 557 407 100 100 1
ST
546 1
RP 3
KP 0 0 0
KW 0 255 38
EL 556 406 100 100 1
ST
547 1
RP 3
KP 0 0 0
KW 0 255 39
EL 555 405 100 100 1
ST
548 1
RP 3
KP 0 0 0
KW 0 255 40
EL 554 404 100 100 1
ST
549 1
RP 3
KP 0 0 0
KW 0 255 41
EL 553 403 100 100 1
ST
550 1
RP 3
KP 0 0 0
KW 0 255 42
EL 552 402 100 100 1
ST
551 1
RP 3
KP 0 0 0
KW 0 255 43
EL 551 401 100 100 1
ST
552 1
RP 3
KP 0 0 0
KW 0 255 44
EL 550 400 100 100 1
ST
553 1
RP 3
KP 0 0 0
KW 0 255 45
EL 549 399 100 100 1
ST
554 1
RP 3
KP 0 0 0
KW 0 255 46
EL 548 398 100 100 1
ST
555 1
RP 3
KP 0 0 0
KW 0 255 47
EL 547 397 100 100 1
ST
556 1
RP 3
KP 0 0 0
KW 0 255 48
EL 546 396 100 100 1
ST
557 1
RP 3
KP 0 0 0
KW 0 255 49
EL 545 395 100 100 1
ST
558 1
RP 3
KP 0 0 0
KW 0 255 50
EL 544 394 100 100 1
ST
559 1
RP 3
KP 0 0 0
KW 0 255 51
EL 543 393 100 100 1
ST
560 1
RP 3
KP 0 0 0
KW 0 255 52
EL 542 392 100 100 1
ST
561 1
RP 3
KP 0 0 0
KW 0 255 53
EL 541 391 100 100 1
ST
562 1
RP 3
KP 0 0 0
KW 0 255 54
EL 540 390 100 100 1
ST
563 1
RP 3
KP 0 0 0
KW 0 255 55
EL 539 389 100 100 1
ST
564 1
RP 3
KP 0 0 0
KW 0 255 56
EL 538 388 100 100 1
ST
565 1
RP 3
KP 0 0 0
KW 0 255 57
EL 537 387 100 100 1
ST
566 1
RP 3
KP 0 0 0
KW 0 255 58
EL 536 386 100 100 1
ST
567 1
RP 3
KP 0 0 0
KW 0 255 59
EL 535 385 100 100 1
ST
568 1
RP 3
KP 0 0 0
KW 0 255 60
EL 534 384 100 100 1
ST
569 1
RP 3
KP 0 0 0
KW 0 255 61
EL 533 383 100 100 1
ST
570 1
RP 3
KP 0 0 0
KW 0 255 62
EL 532 382 100 100 1
ST
571 1
RP 3
KP 0 0 0
KW 0 255 63
EL 531 381 100 100 1
ST
572 1
RP 3
KP 0 0 0
KW 0 255 64
EL 530 380 100 100 1
ST
573 1
RP 3
KP 0 0 0
KW 0 255 65
EL 529 379 100 100 1
ST
574 1
RP 3
KP 0 0 0
KW 0 255 66
EL 528 378 100 100 1
ST
575 1
RP 3
KP 0 0 0
KW 0 255 67
EL 527 377 100 100 1
ST
576 1
RP 3
KP 0 0 0
KW 0 255 68
EL 526 376 100 100 1
ST
577 1
RP 3
KP 0 0 0
KW 0 255 69
EL 525 375 100 100 1
ST
578 1
RP 3
KP 0 0 0
KW 0 255 70
EL 524 374 100 100 1
ST
579 1
RP 3
KP 0 0 0
KW 0 255 71
EL 523 373 100 100 1
ST
580 1
RP 3
KP 0 0 0
KW 0 255 72
EL 522 372 100 100 1
ST
581 1
RP 3
KP 0 0 0
KW 0 255 73
EL 521 371 100 100 1
ST
582 1
RP 3
KP 0 0 0
KW 0 255 74
EL 520 370 100 100 1
ST
583 1
RP 3
KP 0 0 0
KW 0 255 75
EL 519 369 100 100 1
ST
584 1
RP 3
KP 0 0 0
KW 0 255 76
EL 518 368 100 100 1
ST
585 1
RP 3
KP 0 0 0
KW 0 255 77
EL 517 367 100 100 1
ST
586 1
RP 3
KP 0 0 0
KW 0 255 78
EL 516 366 100 100 1
ST
587 1
RP 3
KP 0 0 0
KW 0 255 79
EL 515 365 100 100 1
ST
588 1
RP 3
KP 0 0 0
KW 0 255 80
EL 514 364 100 100 1
ST
589 1
RP 3
KP 0 0 0
KW 0 255 81
EL 513 363 100 100 1
ST
590 1
RP 3
KP 0 0 0
KW 0 255 82
EL 512 362 100 100 1
ST
591 1
RP 3
KP 0 0 0
KW 0 255 83
EL 511 361 100 100 1
ST
592 1
RP 3
KP 0 0 0
KW 0 255 84
EL 510 360 100 100 1
ST
593 1
RP 3
KP 0 0 0
KW 0 255 85
EL 509 359 100 100 1
ST
594 1
RP 3
KP 0 0 0
KW 0 255 86
EL 508 358 100 100 1
ST
595 1
RP 3
KP 0 0 0
KW 0 255 87
EL 507 357 100 100 1
ST
596 1
RP 3
KP 0 0 0
KW 0 255 88
EL 506 356 100 100 1
ST
597 1
RP 3
KP 0 0 0
KW 0 255 89
EL 505 355 100 100 1
ST
598 1
RP 3
KP 0 0 0
KW 0 255 90
EL 504 354 100 100 1
ST
599 1
RP 3
KP 0 0 0
KW 0 255 91
EL 503 353 100 100 1
ST
600 1
RP 3
KP 0 0 0
KW 0 255 92
EL 502 352 100 100 1
ST
601 1
RP 3
KP 0 0 0
KW 0 255 93
EL 501 351 100 100 1
ST
602 1
RP 3
KP 0 0 0
KW 0 255 94
EL 500 350 100 100 1
ST
603 1
RP 3
KP 0 0 0
KW 0 255 95
EL 499 349 100 100 1
ST
604 1
RP 3
KP 0 0 0
KW 0 255 96
EL 498 348 100 100 1
ST
605 1
RP 3
KP 0 0 0
KW 0 255 97
EL 497 347 100 100 1
ST
606 1
RP 3
KP 0 0 0
KW 0 255 98
EL 496 346 100 100 1
ST
607 1
RP 3
KP 0 0 0
KW 0 255 99
EL 495 345 100 100 1
ST
608 1
RP 3
KP 0 0 0
KW 0 255 100
EL 494 344 100 100 1
ST
609 1
RP 3
KP 0 0 0
KW 0 255 101
EL 493 343 100 100 1
ST
610 1
RP 3
KP 0 0 0
KW 0 255 102
EL 492 342 100 100 1
ST
611 1
RP 3
KP 0 0 0
KW 0 255 103
EL 491 341 100 100 1
ST
612 1
RP 3
KP 0 0 0
KW 0 255 104
EL 490 340 100 100 1
ST
613 1
RP 3
KP 0 0 0
KW 0 255 105
EL 489 339 100 100 1
ST
614 1
RP 3
KP 0 0 0
KW 0 255 106
EL 488 338 100 100 1
ST
615 1
RP 3
KP 0 0 0
KW 0 255 107
EL 487 337 100 100 1
ST
616 1
RP 3
KP 0 0 0
KW 0 255 108
EL 486 336 100 100 1
ST
617 1
RP 3
KP 0 0 0
KW 0 255 109
EL 485 335 100 100 1
ST
618 1
RP 3
KP 0 0 0
KW 0 255 110
EL 484 334 100 100 1
ST
619 1
RP 3
KP 0 0 0
KW 0 255 111
EL 483 333 100 100 1
ST
620 1
RP 3
KP 0 0 0
KW 0 255 112
EL 482 332 100 100 1
ST
621 1
RP 3
KP 0 0 0
KW 0 255 113
EL 481 331 100 100 1
ST
622 1
RP 3
KP 0 0 0
KW 0 255 114
EL 480 330 100 100 1
ST
623 1
RP 3
KP 0 0 0
KW 0 255 115
EL 479 329 100 100 1
ST
624 1
RP 3
KP 0 0 0
KW 0 255 116
EL 478 328 100 100 1
ST
625 1
RP 3
KP 0 0 0
KW 0 255 117
EL 477 327 100 100 1
ST
626 1
RP 3
KP 0 0 0
KW 0 255 118
EL 476 326 100 100 1
ST
627 1
RP 3
KP 0 0 0
KW 0 255 119
EL 475 325 100 100 1
ST
628 1
RP 3
KP 0 0 0
KW 0 255 120
EL 474 324 100 100 1
ST
629 1
RP 3
KP 0 0 0
KW 0 255 121
EL 473 323 100 100 1
ST
630 1
RP 3
KP 0 0 0
KW 0 255 122
EL 472 322 100 100 1
ST
631 1
RP 3
KP 0 0 0
KW 0 255 123
EL 471 321 100 100 1
ST
632 1
RP 3
KP 0 0 0
KW 0 255 124
EL 470 320 100 100 1
ST
633 1
RP 3
KP 0 0 0
KW 0 255 125
EL 469 319 100 100 1
ST
634 1
RP 3
KP 0 0 0
KW 0 255 126
EL 468 318 100 100 1
ST
635 1
RP 3
KP 0 0 0
KW 0 255 127
EL 467 317 100 100 1
ST
636 1
RP 3
KP 0 0 0
KW 0 255 128
EL 466 316 100 100 1
ST
637 1
RP 3
KP 0 0 0
KW 0 255 129
EL 465 315 100 100 1
ST
638 1
RP 3
KP 0 0 0
KW 0 255 130
EL 464 314 100 100 1
ST
639 1
RP 3
KP 0 0 0
KW 0 255 131
EL 463 313 100 100 1
ST
640 1
RP 3
KP 0 0 0
KW 0 255 132
EL 462 312 100 100 1
ST
641 1
RP 3
KP 0 0 0
KW 0 255 133
EL 461 311 100 100 1
ST
642 1
RP 3
KP 0 0 0
KW 0 255 134
EL 460 310 100 100 1
ST
643 1
RP 3
KP 0 0 0
KW 0 255 135
EL 459 309 100 100 1
ST
644 1
RP 3
KP 0 0 0
KW 0 255 136
EL 458 308 100 100 1
ST
645 1
RP 3
KP 0 0 0
KW 0 255 137
EL 457 307 100 100 1
ST
646 1
RP 3
KP 0 0 0
KW 0 255 138
EL 456 306 100 100 1
ST
647 1
RP 3
KP 0 0 0
KW 0 255 139
EL 455 305 100 100 1
ST
648 1
RP 3
KP 0 0 0
KW 0 255 140
EL 454 304 100 100 1
ST
649 1
RP 3
KP 0 0 0
KW 0 255 141
EL 453 303 100 100 1
ST
650 1
RP 3
KP 0 0 0
KW 0 255 142
EL 452 302 100 100 1
ST
651 1
RP 3
KP 0 0 0
KW 0 255 143
EL 451 301 100 100 1
ST
652 1
RP 3
KP 0 0 0
KW 0 255 144
EL 450 300 100 100 1
ST
653 1
RP 3
KP 0 0 0
KW 0 255 145
EL 449 299 100 100 1
ST
654 1
RP 3
KP 0 0 0
KW 0 255 146
EL 448 298 100 100 1
ST
655 1
RP 3
KP 0 0 0
KW 0 255 147
EL 447 297 100 100 1
ST
656 1
RP 3
KP 0 0 0
KW 0 255 148
EL 446 296 100 100 1
ST
657 1
RP 3
KP 0 0 0
KW 0 255 149
EL 445 295 100 100 1
ST
658 1
RP 3
KP 0 0 0
KW 0 255 150
EL 444 294 100 100 1
ST
659 1
RP 3
KP 0 0 0
KW 0 255 151
EL 443 293 100 100 1
ST
660 1
RP 3
KP 0 0 0
KW 0 255 152
EL 442 292 100 100 1
ST
661 1
RP 3
KP 0 0 0
KW 0 255 153
EL 441 291 100 100 1
ST
662 1
RP 3
KP 0 0 0
KW 0 255 154
EL 440 290 100 100 1
ST
663 1
RP 3
KP 0 0 0
KW 0 255 155
EL 439 289 100 100 1
ST
664 1
RP 3
KP 0 0 0
KW 0 255 156
EL 438 288 100 100 1
ST
665 1
RP 3
KP 0 0 0
KW 0 255 157
EL 437 287 100 100 1
ST
666 1
RP 3
KP 0 0 0
KW 0 255 158
EL 436 286 100 100 1
ST
667 1
RP 3
KP 0 0 0
KW 0 255 159
EL 435 285 100 100 1
ST
668 1
RP 3
KP 0 0 0
KW 0 255 160
EL 434 284 100 100 1
ST
669 1
RP 3
KP 0 0 0
KW 0 255 161
EL 433 283 100 100 1
ST
670 1
RP 3
KP 0 0 0
KW 0 255 162
EL 432 282 100 100 1
ST
671 1
RP 3
KP 0 0 0
KW 0 255 163
EL 431 281 100 100 1
ST
672 1
RP 3
KP 0 0 0
KW 0 255 164
EL 430 280 100 100 1
ST
673 1
RP 3
KP 0 0 0
KW 0 255 165
EL 429 279 100 100 1
ST
674 1
RP 3
KP 0 0 0
KW 0 255 166
EL 428 278 100 100 1
ST
675 1
RP 3
KP 0 0 0
KW 0 255 167
EL 427 277 100 100 1
ST
676 1
RP 3
KP 0 0 0
KW 0 255 168
EL 426 276 100 100 1
ST
677 1
RP 3
KP 0 0 0
KW 0 255 169
EL 425 275 100 100 1
ST
678 1
RP 3
KP 0 0 0
KW 0 255 170
EL 424 274 100 100 1
ST
679 1
RP 3
KP 0 0 0
KW 0 255 171
EL 423 273 100 100 1
ST
680 1
RP 3
KP 0 0 0
KW 0 255 172
EL 422 272 100 100 1
ST
681 1
RP 3
KP 0 0 0
KW 0 255 173
EL 421 271 100 100 1
ST
682 1
RP 3
KP 0 0 0
KW 0 255 174
EL 420 270 100 100 1
ST
683 1
RP 3
KP 0 0 0
KW 0 255 175
EL 419 269 100 100 1
ST
684 1
RP 3
KP 0 0 0
KW 0 255 176
EL 418 268 100 100 1
ST
685 1
RP 3
KP 0 0 0
KW 0 255 177
EL 417 267 100 100 1
ST
686 1
RP 3
KP 0 0 0
KW 0 255 178
EL 416 266 100 100 1
ST
687 1
RP 3
KP 0 0 0
KW 0 255 179
EL 415 265 100 100 1
ST
688 1
RP 3
KP 0 0 0
KW 0 255 180
EL 414 264 100 100 1
ST
689 1
RP 3
KP 0 0 0
KW 0 255 181
EL 413 263 100 100 1
ST
690 1
RP 3
KP 0 0 0
KW 0 255 182
EL 412 262 100 100 1
ST
691 1
RP 3
KP 0 0 0
KW 0 255 183
EL 411 261 100 100 1
ST
692 1
RP 3
KP 0 0 0
KW 0 255 184
EL 410 260 100 100 1
ST
693 1
RP 3
KP 0 0 0
KW 0 255 185
EL 409 259 100 100 1
ST
694 1
RP 3
KP 0 0 0
KW 0 255 186
EL 408 258 100 100 1
ST
695 1
RP 3
KP 0 0 0
KW 0 255 187
EL 407 257 100 100 1
ST
696 1
RP 3
KP 0 0 0
KW 0 255 188
EL 406 256 100 100 1
ST
697 1
RP 3
KP 0 0 0
KW 0 255 189
EL 405 255 100 100 1
ST
698 1
RP 3
KP 0 0 0
KW 0 255 190
EL 404 254 100 100 1
ST
699 1
RP 3
KP 0 0 0
KW 0 255 191
EL 403 253 100 100 1
ST
700 1
RP 3
KP 0 0 0
KW 0 255 192
EL 402 252 100 100 1
ST
701 1
RP 3
KP 0 0 0
KW 0 255 193
EL 401 251 100 100 1
ST
702 1
RP 3
KP 0 0 0
KW 0 255 194
EL 400 250 100 100 1
ST
703 1
RP 3
KP 0 0 0
KW 0 255 195
EL 399 249 100 100 1
ST
704 1
RP 3
KP 0 0 0
KW 0 255 196
EL 398 248 100 100 1
ST
705 1
RP 3
KP 0 0 0
KW 0 255 197
EL 397 247 100 100 1
ST
706 1
RP 3
KP 0 0 0
KW 0 255 198
EL 396 246 100 100 1
ST
707 1
RP 3
KP 0 0 0
KW 0 255 199
EL 395 245 100 100 1
ST
708 1
RP 3
KP 0 0 0
KW 0 255 200
EL 394 244 100 100 1
ST
709 1
RP 3
KP 0 0 0
KW 0 255 201
EL 393 243 100 100 1
ST
710 1
RP 3
KP 0 0 0
KW 0 255 202
EL 392 242 100 100 1
ST
711 1
RP 3
KP 0 0 0
KW 0 255 203
EL 391 241 100 100 1
ST
712 1
RP 3
KP 0 0 0
KW 0 255 204
EL 390 240 100 100 1
ST
713 1
RP 3
KP 0 0 0
KW 0 255 205
EL 389 239 100 100 1
ST
714 1
RP 3
KP 0 0 0
KW 0 255 206
EL 388 238 100 100 1
ST
715 1
RP 3
KP 0 0 0
KW 0 255 207
EL 387 237 100 100 1
ST
716 1
RP 3
KP 0 0 0
KW 0 255 208
EL 386 236 100 100 1
ST
717 1
RP 3
KP 0 0 0
KW 0 255 209
EL 385 235 100 100 1
ST
718 1
RP 3
KP 0 0 0
KW 0 255 210
EL 384 234 100 100 1
ST
719 1
RP 3
KP 0 0 0
KW 0 255 211
EL 383 233 100 100 1
ST
720 1
RP 3
KP 0 0 0
KW 0 255 212
EL 382 232 100 100 1
ST
721 1
RP 3
KP 0 0 0
KW 0 255 213
EL 381 231 100 100 1
ST
722 1
RP 3
KP 0 0 0
KW 0 255 214
EL 380 230 100 100 1
ST
723 1
RP 3
KP 0 0 0
KW 0 255 215
EL 379 229 100 100 1
ST
724 1
RP 3
KP 0 0 0
KW 0 255 216
EL 378 228 100 100 1
ST
725 1
RP 3
KP 0 0 0
KW 0 255 217
EL 377 227 100 100 1
ST
726 1
RP 3
KP 0 0 0
KW 0 255 218
EL 376 226 100 100 1
ST
727 1
RP 3
KP 0 0 0
KW 0 255 219
EL 375 225 100 100 1
ST
728 1
RP 3
KP 0 0 0
KW 0 255 220
EL 374 224 100 100 1
ST
729 1
RP 3
KP 0 0 0
KW 0 255 221
EL 373 223 100 100 1
ST
730 1
RP 3
KP 0 0 0
KW 0 255 222
EL 372 222 100 100 1
ST
731 1
RP 3
KP 0 0 0
KW 0 255 223
EL 371 221 100 100 1
ST
732 1
RP 3
KP 0 0 0
KW 0 255 224
EL 370 220 100 100 1
ST
733 1
RP 3
KP 0 0 0
KW 0 255 225
EL 369 219 100 100 1
ST
734 1
RP 3
KP 0 0 0
KW 0 255 226
EL 368 218 100 100 1
ST
735 1
RP 3
KP 0 0 0
KW 0 255 227
EL 367 217 100 100 1
ST
736 1
RP 3
KP 0 0 0
KW 0 255 228
EL 366 216 100 100 1
ST
737 1
RP 3
KP 0 0 0
KW 0 255 229
EL 365 215 100 100 1
ST
738 1
RP 3
KP 0 0 0
KW 0 255 230
EL 364 214 100 100 1
ST
739 1
RP 3
KP 0 0 0
KW 0 255 231
EL 363 213 100 100 1
ST
740 1
RP 3
KP 0 0 0
KW 0 255 232
EL 362 212 100 100 1
ST
741 1
RP 3
KP 0 0 0
KW 0 255 233
EL 361 211 100 100 1
ST
742 1
RP 3
KP 0 0 0
KW 0 255 234
EL 360 210 100 100 1
ST
743 1
RP 3
KP 0 0 0
KW 0 255 235
EL 359 209 100 100 1
ST
744 1
RP 3
KP 0 0 0
KW 0 255 236
EL 358 208 100 100 1
ST
745 1
RP 3
KP 0 0 0
KW 0 255 237
EL 357 207 100 100 1
ST
746 1
RP 3
KP 0 0 0
KW 0 255 238
EL 356 206 100 100 1
ST
747 1
RP 3
KP 0 0 0
KW 0 255 239
EL 355 205 100 100 1
ST
748 1
RP 3
KP 0 0 0
KW 0 255 240
EL 354 204 100 100 1
ST
749 1
RP 3
KP 0 0 0
KW 0 255 241
EL 353 203 100 100 1
ST
750 1
RP 3
KP 0 0 0
KW 0 255 242
EL 352 202 100 100 1
ST
751 1
RP 3
KP 0 0 0
KW 0 255 243
EL 351 201 100 100 1
ST
752 1
RP 3
KP 0 0 0
KW 0 255 244
EL 350 200 100 100 1
ST
753 1
RP 3
KP 0 0 0
KW 0 255 245
EL 349 199 100 100 1
ST
754 1
RP 3
KP 0 0 0
KW 0 255 246
EL 348 198 100 100 1
ST
755 1
RP 3
KP 0 0 0
KW 0 255 247
EL 347 197 100 100 1
ST
756 1
RP 3
KP 0 0 0
KW 0 255 248
EL 346 196 100 100 1
ST
757 1
RP 3
KP 0 0 0
KW 0 255 249
EL 345 195 100 100 1
ST
758 1
RP 3
KP 0 0 0
KW 0 255 250
EL 344 194 100 100 1
ST
759 1
RP 3
KP 0 0 0
KW 0 255 251
EL 343 193 100 100 1
ST
760 1
RP 3
KP 0 0 0
KW 0 255 252
EL 342 192 100 100 1
ST
761 1
RP 3
KP 0 0 0
KW 0 255 253
EL 341 191 100 100 1
ST
762 1
RP 3
KP 0 0 0
KW 0 255 254
EL 340 190 100 100 1
ST
763 1
RP 3
KP 0 0 0
KW 0 254 255
EL 339 189 100 100 1
ST
764 1
RP 3
KP 0 0 0
KW 0 253 255
EL 338 188 100 100 1
ST
765 1
RP 3
KP 0 0 0
KW 0 252 255
EL 337 187 100 100 1
ST
766 1
RP 3
KP 0 0 0
KW 0 251 255
EL 336 186 100 100 1
ST
767 1
RP 3
KP 0 0 0
KW 0 250 255
EL 335 185 100 100 1
ST
768 1
RP 3
KP 0 0 0
KW 0 249 255
EL 334 184 100 100 1
ST
769 1
RP 3
KP 0 0 0
KW 0 248 255
EL 333 183 100 100 1
ST
770 1
RP 3
KP 0 0 0
KW 0 247 255
EL 332 182 100 100 1
ST
771 1
RP 3
KP 0 0 0
KW 0 246 255
EL 331 181 100 100 1
ST
772 1
RP 3
KP 0 0 0
KW 0 245 255
EL 330 180 100 100 1
ST
773 1
RP 3
KP 0 0 0
KW 0 244 255
EL 329 179 100 100 1
ST
774 1
RP 3
KP 0 0 0
KW 0 243 255
EL 328 178 100 100 1
ST
775 1
RP 3
KP 0 0 0
KW 0 242 255
EL 327 177 100 100 1
ST
776 1
RP 3
KP 0 0 0
KW 0 241 255
EL 326 176 100 100 1
ST
777 1
RP 3
KP 0 0 0
KW 0 240 255
EL 325 175 100 100 1
ST
778 1
RP 3
KP 0 0 0
KW 0 239 255
EL 324 174 100 100 1
ST
779 1
RP 3
KP 0 0 0
KW 0 238 255
EL 323 173 100 100 1
ST
780 1
RP 3
KP 0 0 0
KW 0 237 255
EL 322 172 100 100 1
ST
781 1
RP 3
KP 0 0 0
KW 0 236 255
EL 321 171 100 100 1
ST
782 1
RP 3
KP 0 0 0
KW 0 235 255
EL 320 170 100 100 1
ST
783 1
RP 3
KP 0 0 0
KW 0 234 255
EL 319 169 100 100 1
ST
784 1
RP 3
KP 0 0 0
KW 0 233 255
EL 318 168 100 100 1
ST
785 1
RP 3
KP 0 0 0
KW 0 232 255
EL 317 167 100 100 1
ST
786 1
RP 3
KP 0 0 0
KW 0 231 255
EL 316 166 100 100 1
ST
787 1
RP 3
KP 0 0 0
KW 0 230 255
EL 315 165 100 100 1
ST
788 1
RP 3
KP 0 0 0
KW 0 229 255
EL 314 164 100 100 1
ST
789 1
RP 3
KP 0 0 0
KW 0 228 255
EL 313 163 100 100 1
ST
790 1
RP 3
KP 0 0 0
KW 0 227 255
EL 312 162 100 100 1
ST
791 1
RP 3
KP 0 0 0
KW 0 226 255
EL 311 161 100 100 1
ST
792 1
RP 3
KP 0 0 0
KW 0 225 255
EL 310 160 100 100 1
ST
793 1
RP 3
KP 0 0 0
KW 0 224 255
EL 309 159 100 100 1
ST
794 1
RP 3
KP 0 0 0
KW 0 223 255
EL 308 158 100 100 1
ST
795 1
RP 3
KP 0 0 0
KW 0 222 255
EL 307 157 100 100 1
ST
796 1
RP 3
KP 0 0 0
KW 0 221 255
EL 306 156 100 100 1
ST
797 1
RP 3
KP 0 0 0
KW 0 220 255
EL 305 155 100 100 1
ST
798 1
RP 3
KP 0 0 0
KW 0 219 255
EL 304 154 100 100 1
ST
799 1
RP 3
KP 0 0 0
KW 0 218 255
EL 303 153 100 100 1
ST
800 1
RP 3
KP 0 0 0
KW 0 217 255
EL 302 152 100 100 1
ST
801 1
RP 3
KP 0 0 0
KW 0 216 255
EL 301 151 100 100 1
ST
802 1
RP 3
KP 0 0 0
KW 0 215 255
EL 300 150 100 100 1
ST
803 1
RP 3
KP 0 0 0
KW 0 214 255
EL 299 149 100 100 1
ST
804 1
RP 3
KP 0 0 0
KW 0 213 255
EL 298 148 100 100 1
ST
805 1
RP 3
KP 0 0 0
KW 0 212 255
EL 297 147 100 100 1
ST
806 1
RP 3
KP 0 0 0
KW 0 211 255
EL 296 146 100 100 1
ST
807 1
RP 3
KP 0 0 0
KW 0 210 255
EL 295 145 100 100 1
ST
808 1
RP 3
KP 0 0 0
KW 0 209 255
EL 294 144 100 100 1
ST
809 1
RP 3
KP 0 0 0
KW 0 208 255
EL 293 143 100 100 1
ST
810 1
RP 3
KP 0 0 0
KW 0 207 255
EL 292 142 100 100 1
ST
811 1
RP 3
KP 0 0 0
KW 0 206 255
EL 291 141 100 100 1
ST
812 1
RP 3
KP 0 0 0
KW 0 205 255
EL 290 140 100 100 1
ST
813 1
RP 3
KP 0 0 0
KW 0 204 255
EL 289 139 100 100 1
ST
814 1
RP 3
KP 0 0 0
KW 0 203 255
EL 288 138 100 100 1
ST
815 1
RP 3
KP 0 0 0
KW 0 202 255
EL 287 137 100 100 1
ST
816 1
RP 3
KP 0 0 0
KW 0 201 255
EL 286 136 100 100 1
ST
817 1
RP 3
KP 0 0 0
KW 0 200 255
EL 285 135 100 100 1
ST
818 1
RP 3
KP 0 0 0
KW 0 199 255
EL 284 134 100 100 1
ST
819 1
RP 3
KP 0 0 0
KW 0 198 255
EL 283 133 100 100 1
ST
820 1
RP 3
KP 0 0 0
KW 0 197 255
EL 282 132 100 100 1
ST
821 1
RP 3
KP 0 0 0
KW 0 196 255
EL 281 131 100 100 1
ST
822 1
RP 3
KP 0 0 0
KW 0 195 255
EL 280 130 100 100 1
ST
823 1
RP 3
KP 0 0 0
KW 0 194 255
EL 279 129 100 100 1
ST
824 1
RP 3
KP 0 0 0
KW 0 193 255
EL 278 128 100 100 1
ST
825 1
RP 3
KP 0 0 0
KW 0 192 255
EL 277 127 100 100 1
ST
826 1
RP 3
KP 0 0 0
KW 0 191 255
EL 276 126 100 100 1
ST
827 1
RP 3
KP 0 0 0
KW 0 190 255
EL 275 125 100 100 1
ST
828 1
RP 3
KP 0 0 0
KW 0 189 255
EL 274 124 100 100 1
ST
829 1
RP 3
KP 0 0 0
KW 0 188 255
EL 273 123 100 100 1
ST
830 1
RP 3
KP 0 0 0
KW 0 187 255
EL 272 122 100 100 1
ST
831 1
RP 3
KP 0 0 0
KW 0 186 255
EL 271 121 100 100 1
ST
832 1
RP 3
KP 0 0 0
KW 0 185 255
EL 270 120 100 100 1
ST
833 1
RP 3
KP 0 0 0
KW 0 184 255
EL 269 119 100 100 1
ST
834 1
RP 3
KP 0 0 0
KW 0 183 255
EL 268 118 100 100 1
ST
835 1
RP 3
KP 0 0 0
KW 0 182 255
EL 267 117 100 100 1
ST
836 1
RP 3
KP 0 0 0
KW 0 181 255
EL 266 116 100 100 1
ST
837 1
RP 3
KP 0 0 0
KW 0 180 255
EL 265 115 100 100 1
ST
838 1
RP 3
KP 0 0 0
KW 0 179 255
EL 264 114 100 100 1
ST
839 1
RP 3
KP 0 0 0
KW 0 178 255
EL 263 113 100 100 1
ST
840 1
RP 3
KP 0 0 0
KW 0 177 255
EL 262 112 100 100 1
ST
841 1
RP 3
KP 0 0 0
KW 0 176 255
EL 261 111 100 100 1
ST
842 1
RP 3
KP 0 0 0
KW 0 175 255
EL 260 110 100 100 1
ST
843 1
RP 3
KP 0 0 0
KW 0 174 255
EL 259 109 100 100 1
ST
844 1
RP 3
KP 0 0 0
KW 0 173 255
EL 258 108 100 100 1
ST
845 1
RP 3
KP 0 0 0
KW 0 172 255
EL 257 107 100 100 1
ST
846 1
RP 3
KP 0 0 0
KW 0 171 255
EL 256 106 100 100 1
ST
847 1
RP 3
KP 0 0 0
KW 0 170 255
EL 255 105 100 100 1
ST
848 1
RP 3
KP 0 0 0
KW 0 169 255
EL 254 104 100 100 1
ST
849 1
RP 3
KP 0 0 0
KW 0 168 255
EL 253 103 100 100 1
ST
850 1
RP 3
KP 0 0 0
KW 0 167 255
EL 252 102 100 100 1
ST
851 1
RP 3
KP 0 0 0
KW 0 166 255
EL 251 101 100 100 1
ST
852 1
RP 3
KP 0 0 0
KW 0 165 255
EL 250 100 100 100 1
ST
853 1
RP 3
KP 0 0 0
KW 0 164 255
EL 249 99 100 100 1
ST
854 1
RP 3
KP 0 0 0
KW 0 163 255
EL 248 98 100 100 1
ST
855 1
RP 3
KP 0 0 0
KW 0 162 255
EL 247 97 100 100 1
ST
856 1
RP 3
KP 0 0 0
KW 0 161 255
EL 246 96 100 100 1
ST
857 1
RP 3
KP 0 0 0
KW 0 160 255
EL 245 95 100 100 1
ST
858 1
RP 3
KP 0 0 0
KW 0 159 255
EL 244 94 100 100 1
ST
859 1
RP 3
KP 0 0 0
KW 0 158 255
EL 243 93 100 100 1
ST
860 1
RP 3
KP 0 0 0
KW 0 157 255
EL 242 92 100 100 1
ST
861 1
RP 3
KP 0 0 0
KW 0 156 255
EL 241 91 100 100 1
ST
862 1
RP 3
KP 0 0 0
KW 0 155 255
EL 240 90 100 100 1
ST
863 1
RP 3
KP 0 0 0
KW 0 154 255
EL 239 89 100 100 1
ST
864 1
RP 3
KP 0 0 0
KW 0 153 255
EL 238 88 100 100 1
ST
865 1
RP 3
KP 0 0 0
KW 0 152 255
EL 237 87 100 100 1
ST
866 1
RP 3
KP 0 0 0
KW 0 151 255
EL 236 86 100 100 1
ST
867 1
RP 3
KP 0 0 0
KW 0 150 255
EL 235 85 100 100 1
ST
868 1
RP 3
KP 0 0 0
KW 0 149 255
EL 234 84 100 100 1
ST
869 1
RP 3
KP 0 0 0
KW 0 148 255
EL 233 83 100 100 1
ST
870 1
RP 3
KP 0 0 0
KW 0 147 255
EL 232 82 100 100 1
ST
871 1
RP 3
KP 0 0 0
KW 0 146 255
EL 231 81 100 100 1
ST
872 1
RP 3
KP 0 0 0
KW 0 145 255
EL 230 80 100 100 1
ST
873 1
RP 3
KP 0 0 0
KW 0 144 255
EL 229 79 100 100 1
ST
874 1
RP 3
KP 0 0 0
KW 0 143 255
EL 228 78 100 100 1
ST
875 1
RP 3
KP 0 0 0
KW 0 142 255
EL 227 77 100 100 1
ST
876 1
RP 3
KP 0 0 0
KW 0 141 255
EL 226 76 100 100 1
ST
877 1
RP 3
KP 0 0 0
KW 0 140 255
EL 225 75 100 100 1
ST
878 1
RP 3
KP 0 0 0
KW 0 139 255
EL 224 74 100 100 1
ST
879 1
RP 3
KP 0 0 0
KW 0 138 255
EL 223 73 100 100 1
ST
880 1
RP 3
KP 0 0 0
KW 0 137 255
EL 222 72 100 100 1
ST
881 1
RP 3
KP 0 0 0
KW 0 136 255
EL 221 71 100 100 1
ST
882 1
RP 3
KP 0 0 0
KW 0 135 255
EL 220 70 100 100 1
ST
883 1
RP 3
KP 0 0 0
KW 0 134 255
EL 219 69 100 100 1
ST
884 1
RP 3
KP 0 0 0
KW 0 133 255
EL 218 68 100 100 1
ST
885 1
RP 3
KP 0 0 0
KW 0 132 255
EL 217 67 100 100 1
ST
886 1
RP 3
KP 0 0 0
KW 0 131 255
EL 216 66 100 100 1
ST
887 1
RP 3
KP 0 0 0
KW 0 130 255
EL 215 65 100 100 1
ST
888 1
RP 3
KP 0 0 0
KW 0 129 255
EL 214 64 100 100 1
ST
889 1
RP 3
KP 0 0 0
KW 0 128 255
EL 213 63 100 100 1
ST
890 1
RP 3
KP 0 0 0
KW 0 127 255
EL 212 62 100 100 1
ST
891 1
RP 3
KP 0 0 0
KW 0 126 255
EL 211 61 100 100 1
ST
892 1
RP 3
KP 0 0 0
KW 0 125 255
EL 210 60 100 100 1
ST
893 1
RP 3
KP 0 0 0
KW 0 124 255
EL 209 59 100 100 1
ST
894 1
RP 3
KP 0 0 0
KW 0 123 255
EL 208 58 100 100 1
ST
895 1
RP 3
KP 0 0 0
KW 0 122 255
EL 207 57 100 100 1
ST
896 1
RP 3
KP 0 0 0
KW 0 121 255
EL 206 56 100 100 1
ST
897 1
RP 3
KP 0 0 0
KW 0 120 255
EL 205 55 100 100 1
ST
898 1
RP 3
KP 0 0 0
KW 0 119 255
EL 204 54 100 100 1
ST
899 1
RP 3
KP 0 0 0
KW 0 118 255
EL 203 53 100 100 1
ST
900 1
RP 3
KP 0 0 0
KW 0 117 255
EL 202 52 100 100 1
ST
901 1
RP 3
KP 0 0 0
KW 0 116 255
EL 201 51 100 100 1
ST
902 1
RP 3
KP 0 0 0
KW 0 115 255
EL 200 50 100 100 1
ST
903 1
RP 3
KP 0 0 0
KW 0 114 255
EL 199 49 100 100 1
ST
904 1
RP 3
KP 0 0 0
KW 0 113 255
EL 198 48 100 100 1
ST
905 1
RP 3
KP 0 0 0
KW 0 112 255
EL 197 47 100 100 1
ST
906 1
RP 3
KP 0 0 0
KW 0 111 255
EL 196 46 100 100 1
ST
907 1
RP 3
KP 0 0 0
KW 0 110 255
EL 195 45 100 100 1
ST
908 1
RP 3
KP 0 0 0
KW 0 109 255
EL 194 44 100 100 1
ST
909 1
RP 3
KP 0 0 0
KW 0 108 255
EL 193 43 100 100 1
ST
910 1
RP 3
KP 0 0 0
KW 0 107 255
EL 192 42 100 100 1
ST
911 1
RP 3
KP 0 0 0
KW 0 106 255
EL 191 41 100 100 1
ST
912 1
RP 3
KP 0 0 0
KW 0 105 255
EL 190 40 100 100 1
ST
913 1
RP 3
KP 0 0 0
KW 0 104 255
EL 189 39 100 100 1
ST
914 1
RP 3
KP 0 0 0
KW 0 103 255
EL 188 38 100 100 1
ST
915 1
RP 3
KP 0 0 0
KW 0 102 255
EL 187 37 100 100 1
ST
916 1
RP 3
KP 0 0 0
KW 0 101 255
EL 186 36 100 100 1
ST
917 1
RP 3
KP 0 0 0
KW 0 100 255
EL 185 35 100 100 1
ST
918 1
RP 3
KP 0 0 0
KW 0 99 255
EL 184 34 100 100 1
ST
919 1
RP 3
KP 0 0 0
KW 0 98 255
EL 183 33 100 100 1
ST
920 1
RP 3
KP 0 0 0
KW 0 97 255
EL 182 32 100 100 1
ST
921 1
RP 3
KP 0 0 0
KW 0 96 255
EL 181 31 100 100 1
ST
922 1
RP 3
KP 0 0 0
KW 0 95 255
EL 180 30 100 100 1
ST
923 1
RP 3
KP 0 0 0
KW 0 94 255
EL 179 29 100 100 1
ST
924 1
RP 3
KP 0 0 0
KW 0 93 255
EL 178 28 100 100 1
ST
925 1
RP 3
KP 0 0 0
KW 0 92 255
EL 177 27 100 100 1
ST
926 1
RP 3
KP 0 0 0
KW 0 91 255
EL 176 26 100 100 1
ST
927 1
RP 3
KP 0 0 0
KW 0 90 255
EL 175 25 100 100 1
ST
928 1
RP 3
KP 0 0 0
KW 0 89 255
EL 174 24 100 100 1
ST
929 1
RP 3
KP 0 0 0
KW 0 88 255
EL 173 23 100 100 1
ST
930 1
RP 3
KP 0 0 0
KW 0 87 255
EL 172 22 100 100 1
ST
931 1
RP 3
KP 0 0 0
KW 0 86 255
EL 171 21 100 100 1
ST
932 1
RP 3
KP 0 0 0
KW 0 85 255
EL 170 20 100 100 1
ST
933 1
RP 3
KP 0 0 0
KW 0 84 255
EL 169 19 100 100 1
ST
934 1
RP 3
KP 0 0 0
KW 0 83 255
EL 168 18 100 100 1
ST
935 1
RP 3
KP 0 0 0
KW 0 82 255
EL 167 17 100 100 1
ST
936 1
RP 3
KP 0 0 0
KW 0 81 255
EL 166 16 100 100 1
ST
937 1
RP 3
KP 0 0 0
KW 0 80 255
EL 165 15 100 100 1
ST
938 1
RP 3
KP 0 0 0
KW 0 79 255
EL 164 14 100 100 1
ST
939 1
RP 3
KP 0 0 0
KW 0 78 255
EL 163 13 100 100 1
ST
940 1
RP 3
KP 0 0 0
KW 0 77 255
EL 162 12 100 100 1
ST
941 1
RP 3
KP 0 0 0
KW 0 76 255
EL 161 11 100 100 1
ST
942 1
RP 3
KP 0 0 0
KW 0 75 255
EL 160 10 100 100 1
ST
943 1
RP 3
KP 0 0 0
KW 0 74 255
EL 159 9 100 100 1
ST
944 1
RP 3
KP 0 0 0
KW 0 73 255
EL 158 8 100 100 1
ST
945 1
RP 3
KP 0 0 0
KW 0 72 255
EL 157 7 100 100 1
ST
946 1
RP 3
KP 0 0 0
KW 0 71 255
EL 156 6 100 100 1
ST
947 1
RP 3
KP 0 0 0
KW 0 70 255
EL 155 5 100 100 1
ST
948 1
RP 3
KP 0 0 0
KW 0 69 255
EL 154 4 100 100 1
ST
949 1
RP 3
KP 0 0 0
KW 0 68 255
EL 153 3 100 100 1
ST
950 1
RP 3
KP 0 0 0
KW 0 67 255
EL 152 2 100 100 1
ST
951 1
RP 3
KP 0 0 0
KW 0 66 255
EL 151 1 100 100 1
ST
952 1
RP 3
KP 0 0 0
KW 0 65 255
EL 150 0 100 100 1
ST
953 1
RP 3
KP 0 0 0
KW 0 64 255
EL 149 -1 100 100 1
ST
954 1
RP 3
KP 0 0 0
KW 0 63 255
EL 148 0 100 100 1
ST
955 1
RP 3
KP 0 0 0
KW 0 62 255
EL 147 1 100 100 1
ST
956 1
RP 3
KP 0 0 0
KW 0 61 255
EL 146 2 100 100 1
ST
957 1
RP 3
KP 0 0 0
KW 0 60 255
EL 145 3 100 100 1
ST
958 1
RP 3
KP 0 0 0
KW 0 59 255
EL 144 4 100 100 1
ST
959 1
RP 3
KP 0 0 0
KW 0 58 255
EL 143 5 100 100 1
ST
960 1
RP 3
KP 0 0 0
KW 0 57 255
EL 142 6 100 100 1
ST
961 1
RP 3
KP 0 0 0
KW 0 56 255
EL 141 7 100 100 1
ST
962 1
RP 3
KP 0 0 0
KW 0 55 255
EL 140 8 100 100 1
ST
963 1
RP 3
KP 0 0 0
KW 0 54 255
EL 139 9 100 100 1
ST
964 1
RP 3
KP 0 0 0
KW 0 53 255
EL 138 10 100 100 1
ST
965 1
RP 3
KP 0 0 0
KW 0 52 255
EL 137 11 100 100 1
ST
966 1
RP 3
KP 0 0 0
KW 0 51 255
EL 136 12 100 100 1
ST
967 1
RP 3
KP 0 0 0
KW 0 50 255
EL 135 13 100 100 1
ST
968 1
RP 3
KP 0 0 0
KW 0 49 255
EL 134 14 100 100 1
ST
969 1
RP 3
KP 0 0 0
KW 0 48 255
EL 133 15 100 100 1
ST
970 1
RP 3
KP 0 0 0
KW 0 47 255
EL 132 16 100 100 1
ST
971 1
RP 3
KP 0 0 0
KW 0 46 255
EL 131 17 100 100 1
ST
972 1
RP 3
KP 0 0 0
KW 0 45 255
EL 130 18 100 100 1
ST
973 1
RP 3
KP 0 0 0
KW 0 44 255
EL 129 19 100 100 1
ST
974 1
RP 3
KP 0 0 0
KW 0 43 255
EL 128 20 100 100 1
ST
975 1
RP 3
KP 0 0 0
KW 0 42 255
EL 127 21 100 100 1
ST
976 1
RP 3
KP 0 0 0
KW 0 41 255
EL 126 22 100 100 1
ST
977 1
RP 3
KP 0 0 0
KW 0 40 255
EL 125 23 100 100 1
ST
978 1
RP 3
KP 0 0 0
KW 0 39 255
EL 124 24 100 100 1
ST
979 1
RP 3
KP 0 0 0
KW 0 38 255
EL 123 25 100 100 1
ST
980 1
RP 3
KP 0 0 0
KW 0 37 255
EL 122 26 100 100 1
ST
981 1
RP 3
KP 0 0 0
KW 0 36 255
EL 121 27 100 100 1
ST
982 1
RP 3
KP 0 0 0
KW 0 35 255
EL 120 28 100 100 1
ST
983 1
RP 3
KP 0 0 0
KW 0 34 255
EL 119 29 100 100 1
ST
984 1
RP 3
KP 0 0 0
KW 0 33 255
EL 118 30 100 100 1
ST
985 1
RP 3
KP 0 0 0
KW 0 32 255
EL 117 31 100 100 1
ST
986 1
RP 3
KP 0 0 0
KW 0 31 255
EL 116 32 100 100 1
ST
987 1
RP 3
KP 0 0 0
KW 0 30 255
EL 115 33 100 100 1
ST
988 1
RP 3
KP 0 0 0
KW 0 29 255
EL 114 34 100 100 1
ST
989 1
RP 3
KP 0 0 0
KW 0 28 255
EL 113 35 100 100 1
ST
990 1
RP 3
KP 0 0 0
KW 0 27 255
EL 112 36 100 100 1
ST
991 1
RP 3
KP 0 0 0
KW 0 26 255
EL 111 37 100 100 1
ST
992 1
RP 3
KP 0 0 0
KW 0 25 255
EL 110 38 100 100 1
ST
993 1
RP 3
KP 0 0 0
KW 0 24 255
EL 109 39 100 100 1
ST
994 1
RP 3
KP 0 0 0
KW 0 23 255
EL 108 40 100 100 1
ST
995 1
RP 3
KP 0 0 0
KW 0 22 255
EL 107 41 100 100 1
ST
996 1
RP 3
KP 0 0 0
KW 0 21 255
EL 106 42 100 100 1
ST
997 1
RP 3
KP 0 0 0
KW 0 20 255
EL 105 43 100 100 1
ST
998 1
RP 3
KP 0 0 0
KW 0 19 255
EL 104 44 100 100 1
ST
999 1
RP 3
KP 0 0 0
KW 0 18 255
EL 103 45 100 100 1
ST
1000 1
RP 3
KP 0 0 0
KW 0 17 255
EL 102 46 100 100 1
ST
1001 1
RP 3
KP 0 0 0
KW 0 16 255
EL 101 47 100 100 1
ST
1002 1
RP 3
KP 0 0 0
KW 0 15 255
EL 100 48 100 100 1
ST
1003 1
RP 3
KP 0 0 0
KW 0 14 255
EL 99 49 100 100 1
ST
1004 1
RP 3
KP 0 0 0
KW 0 13 255
EL 98 50 100 100 1
ST
1005 1
RP 3
KP 0 0 0
KW 0 12 255
EL 97 51 100 100 1
ST
1006 1
RP 3
KP 0 0 0
KW 0 11 255
EL 96 52 100 100 1
ST
1007 1
RP 3
KP 0 0 0
KW 0 10 255
EL 95 53 100 100 1
ST
1008 1
RP 3
KP 0 0 0
KW 0 9 255
EL 94 54 100 100 1
ST
1009 1
RP 3
KP 0 0 0
KW 0 8 255
EL 93 55 100 100 1
ST
1010 1
RP 3
KP 0 0 0
KW 0 7 255
EL 92 56 100 100 1
ST
1011 1
RP 3
KP 0 0 0
KW 0 6 255
EL 91 57 100 100 1
ST
1012 1
RP 3
KP 0 0 0
KW 0 5 255
EL 90 58 100 100 1
ST
1013 1
RP 3
KP 0 0 0
KW 0 4 255
EL 89 59 100 100 1
ST
1014 1
RP 3
KP 0 0 0
KW 0 3 255
EL 88 60 100 100 1
ST
1015 1
RP 3
KP 0 0 0
KW 0 2 255
EL 87 61 100 100 1
ST
1016 1
RP 3
KP 0 0 0
KW 0 1 255
EL 86 62 100 100 1
ST
1017 1
RP 3
KP 0 0 0
KW 1 0 255
EL 85 63 100 100 1
ST
1018 1
RP 3
KP 0 0 0
KW 2 0 255
EL 84 64 100 100 1
ST
1019 1
RP 3
KP 0 0 0
KW 3 0 255
EL 83 65 100 100 1
ST
1020 1
RP 3
KP 0 0 0
KW 4 0 255
EL 82 66 100 100 1
ST
1021 1
RP 3
KP 0 0 0
KW 5 0 255
EL 81 67 100 100 1
ST
1022 1
RP 3
KP 0 0 0
KW 6 0 255
EL 80 68 100 100 1
ST
1023 1
RP 3
KP 0 0 0
KW 7 0 255
EL 79 69 100 100 1
ST
1024 1
RP 3
KP 0 0 0
KW 8 0 255
EL 78 70 100 100 1
ST
1025 1
RP 3
KP 0 0 0
KW 9 0 255
EL 77 71 100 100 1
ST
1026 1
RP 3
KP 0 0 0
KW 10 0 255
EL 76 72 100 100 1
ST
1027 1
RP 3
KP 0 0 0
KW 11 0 255
EL 75 73 100 100 1
ST
1028 1
RP 3
KP 0 0 0
KW 12 0 255
EL 74 74 100 100 1
ST
1029 1
RP 3
KP 0 0 0
KW 13 0 255
EL 73 75 100 100 1
ST
1030 1
RP 3
KP 0 0 0
KW 14 0 255
EL 72 76 100 100 1
ST
1031 1
RP 3
KP 0 0 0
KW 15 0 255
EL 71 77 100 100 1
ST
1032 1
RP 3
KP 0 0 0
KW 16 0 255
EL 70 78 100 100 1
ST
1033 1
RP 3
KP 0 0 0
KW 17 0 255
EL 69 79 100 100 1
ST
1034 1
RP 3
KP 0 0 0
KW 18 0 255
EL 68 80 100 100 1
ST
1035 1
RP 3
KP 0 0 0
KW 19 0 255
EL 67 81 100 100 1
ST
1036 1
RP 3
KP 0 0 0
KW 20 0 255
EL 66 82 100 100 1
ST
1037 1
RP 3
KP 0 0 0
KW 21 0 255
EL 65 83 100 100 1
ST
1038 1
RP 3
KP 0 0 0
KW 22 0 255
EL 64 84 100 100 1
ST
1039 1
RP 3
KP 0 0 0
KW 23 0 255
EL 63 85 100 100 1
ST
1040 1
RP 3
KP 0 0 0
KW 24 0 255
EL 62 86 100 100 1
ST
1041 1
RP 3
KP 0 0 0
KW 25 0 255
EL 61 87 100 100 1
ST
1042 1
RP 3
KP 0 0 0
KW 26 0 255
EL 60 88 100 100 1
ST
1043 1
RP 3
KP 0 0 0
KW 27 0 255
EL 59 89 100 100 1
ST
1044 1
RP 3
KP 0 0 0
KW 28 0 255
EL 58 90 100 100 1
ST
1045 1
RP 3
KP 0 0 0
KW 29 0 255
EL 57 91 100 100 1
ST
1046 1
RP 3
KP 0 0 0
KW 30 0 255
EL 56 92 100 100 1
ST
1047 1
RP 3
KP 0 0 0
KW 31 0 255
EL 55 93 100 100 1
ST
1048 1
RP 3
KP 0 0 0
KW 32 0 255
EL 54 94 100 100 1
ST
1049 1
RP 3
KP 0 0 0
KW 33 0 255
EL 53 95 100 100 1
ST
1050 1
RP 3
KP 0 0 0
KW 34 0 255
EL 52 96 100 100 1
ST
1051 1
RP 3
KP 0 0 0
KW 35 0 255
EL 51 97 100 100 1
ST
1052 1
RP 3
KP 0 0 0
KW 36 0 255
EL 50 98 100 100 1
ST
1053 1
RP 3
KP 0 0 0
KW 37 0 255
EL 49 99 100 100 1
ST
1054 1
RP 3
KP 0 0 0
KW 38 0 255
EL 48 100 100 100 1
ST
1055 1
RP 3
KP 0 0 0
KW 39 0 255
EL 47 101 100 100 1
ST
1056 1
RP 3
KP 0 0 0
KW 40 0 255
EL 46 102 100 100 1
ST
1057 1
RP 3
KP 0 0 0
KW 41 0 255
EL 45 103 100 100 1
ST
1058 1
RP 3
KP 0 0 0
KW 42 0 255
EL 44 104 100 100 1
ST
1059 1
RP 3
KP 0 0 0
KW 43 0 255
EL 43 105 100 100 1
ST
1060 1
RP 3
KP 0 0 0
KW 44 0 255
EL 42 106 100 100 1
ST
1061 1
RP 3
KP 0 0 0
KW 45 0 255
EL 41 107 100 100 1
ST
1062 1
RP 3
KP 0 0 0
KW 46 0 255
EL 40 108 100 100 1
ST
1063 1
RP 3
KP 0 0 0
KW 47 0 255
EL 39 109 100 100 1
ST
1064 1
RP 3
KP 0 0 0
KW 48 0 255
EL 38 110 100 100 1
ST
1065 1
RP 3
KP 0 0 0
KW 49 0 255
EL 37 111 100 100 1
ST
1066 1
RP 3
KP 0 0 0
KW 50 0 255
EL 36 112 100 100 1
ST
1067 1
RP 3
KP 0 0 0
KW 51 0 255
EL 35 113 100 100 1
ST
1068 1
RP 3
KP 0 0 0
KW 52 0 255
EL 34 114 100 100 1
ST
1069 1
RP 3
KP 0 0 0
KW 53 0 255
EL 33 115 100 100 1
ST
1070 1
RP 3
KP 0 0 0
KW 54 0 255
EL 32 116 100 100 1
ST
1071 1
RP 3
KP 0 0 0
KW 55 0 255
EL 31 117 100 100 1
ST
1072 1
RP 3
KP 0 0 0
KW 56 0 255
EL 30 118 100 100 1
ST
1073 1
RP 3
KP 0 0 0
KW 57 0 255
EL 29 119 100 100 1
ST
1074 1
RP 3
KP 0 0 0
KW 58 0 255
EL 28 120 100 100 1
ST
1075 1
RP 3
KP 0 0 0
KW 59 0 255
EL 27 121 100 100 1
ST
1076 1
RP 3
KP 0 0 0
KW 60 0 255
EL 26 122 100 100 1
ST
1077 1
RP 3
KP 0 0 0
KW 61 0 255
EL 25 123 100 100 1
ST
1078 1
RP 3
KP 0 0 0
KW 62 0 255
EL 24 124 100 100 1
ST
1079 1
RP 3
KP 0 0 0
KW 63 0 255
EL 23 125 100 100 1
ST
1080 1
RP 3
KP 0 0 0
KW 64 0 255
EL 22 126 100 100 1
ST
1081 1
RP 3
KP 0 0 0
KW 65 0 255
EL 21 127 100 100 1
ST
1082 1
RP 3
KP 0 0 0
KW 66 0 255
EL 20 128 100 100 1
ST
1083 1
RP 3
KP 0 0 0
KW 67 0 255
EL 19 129 100 100 1
ST
1084 1
RP 3
KP 0 0 0
KW 68 0 255
EL 18 130 100 100 1
ST
1085 1
RP 3
KP 0 0 0
KW 69 0 255
EL 17 131 100 100 1
ST
1086 1
RP 3
KP 0 0 0
KW 70 0 255
EL 16 132 100 100 1
ST
1087 1
RP 3
KP 0 0 0
KW 71 0 255
EL 15 133 100 100 1
ST
1088 1
RP 3
KP 0 0 0
KW 72 0 255
EL 14 134 100 100 1
ST
1089 1
RP 3
KP 0 0 0
KW 73 0 255
EL 13 135 100 100 1
ST
1090 1
RP 3
KP 0 0 0
KW 74 0 255
EL 12 136 100 100 1
ST
1091 1
RP 3
KP 0 0 0
KW 75 0 255
EL 11 137 100 100 1
ST
1092 1
RP 3
KP 0 0 0
KW 76 0 255
EL 10 138 100 100 1
ST
1093 1
RP 3
KP 0 0 0
KW 77 0 255
EL 9 139 100 100 1
ST
1094 1
RP 3
KP 0 0 0
KW 78 0 255
EL 8 140 100 100 1
ST
1095 1
RP 3
KP 0 0 0
KW 79 0 255
EL 7 141 100 100 1
ST
1096 1
RP 3
KP 0 0 0
KW 80 0 255
EL 6 142 100 100 1
ST
1097 1
RP 3
KP 0 0 0
KW 81 0 255
EL 5 143 100 100 1
ST
1098 1
RP 3
KP 0 0 0
KW 82 0 255
EL 4 144 100 100 1
ST
1099 1
RP 3
KP 0 0 0
KW 83 0 255
EL 3 145 100 100 1
ST
1100 1
RP 3
KP 0 0 0
KW 84 0 255
EL 2 146 100 100 1
ST
1101 1
RP 3
KP 0 0 0
KW 85 0 255
EL 1 147 100 100 1
ST
1102 1
RP 3
KP 0 0 0
KW 86 0 255
EL 0 148 100 100 1
ST
1103 1
RP 3
KP 0 0 0
KW 87 0 255
EL -1 149 100 100 1
ST
1104 1
RP 3
KP 0 0 0
KW 88 0 255
EL 0 150 100 100 1
ST
1105 1
RP 3
KP 0 0 0
KW 89 0 255
EL 1 151 100 100 1
ST
1106 1
RP 3
KP 0 0 0
KW 90 0 255
EL 2 152 100 100 1
ST
1107 1
RP 3
KP 0 0 0
KW 91 0 255
EL 3 153 100 100 1
ST
1108 1
RP 3
KP 0 0 0
KW 92 0 255
EL 4 154 100 100 1
ST
1109 1
RP 3
KP 0 0 0
KW 93 0 255
EL 5 155 100 100 1
ST
1110 1
RP 3
KP 0 0 0
KW 94 0 255
EL 6 156 100 100 1
ST
1111 1
RP 3
KP 0 0 0
KW 95 0 255
EL 7 157 100 100 1
ST
1112 1
RP 3
KP 0 0 0
KW 96 0 255
EL 8 158 100 100 1
ST
1113 1
RP 3
KP 0 0 0
KW 97 0 255
EL 9 159 100 100 1
ST
1114 1
RP 3
KP 0 0 0
KW 98 0 255
EL 10 160 100 100 1
ST
1115 1
RP 3
KP 0 0 0
KW 99 0 255
EL 11 161 100 100 1
ST
1116 1
RP 3
KP 0 0 0
KW 100 0 255
EL 12 162 100 100 1
ST
1117 1
RP 3
KP 0 0 0
KW 101 0 255
EL 13 163 100 100 1
ST
1118 1
RP 3
KP 0 0 0
KW 102 0 255
EL 14 164 100 100 1
ST
1119 1
RP 3
KP 0 0 0
KW 103 0 255
EL 15 165 100 100 1
ST
1120 1
RP 3
KP 0 0 0
KW 104 0 255
EL 16 166 100 100 1
ST
1121 1
RP 3
KP 0 0 0
KW 105 0 255
EL 17 167 100 100 1
ST
1122 1
RP 3
KP 0 0 0
KW 106 0 255
EL 18 168 100 100 1
ST
1123 1
RP 3
KP 0 0 0
KW 107 0 255
EL 19 169 100 100 1
ST
1124 1
RP 3
KP 0 0 0
KW 108 0 255
EL 20 170 100 100 1
ST
1125 1
RP 3
KP 0 0 0
KW 109 0 255
EL 21 171 100 100 1
ST
1126 1
RP 3
KP 0 0 0
KW 110 0 255
EL 22 172 100 100 1
ST
1127 1
RP 3
KP 0 0 0
KW 111 0 255
EL 23 173 100 100 1
ST
1128 1
RP 3
KP 0 0 0
KW 112 0 255
EL 24 174 100 100 1
ST
1129 1
RP 3
KP 0 0 0
KW 113 0 255
EL 25 175 100 100 1
ST
1130 1
RP 3
KP 0 0 0
KW 114 0 255
EL 26 176 100 100 1
ST
1131 1
RP 3
KP 0 0 0
KW 115 0 255
EL 27 177 100 100 1
ST
1132 1
RP 3
KP 0 0 0
KW 116 0 255
EL 28 178 100 100 1
ST
1133 1
RP 3
KP 0 0 0
KW 117 0 255
EL 29 179 100 100 1
ST
1134 1
RP 3
KP 0 0 0
KW 118 0 255
EL 30 180 100 100 1
ST
1135 1
RP 3
KP 0 0 0
KW 119 0 255
EL 31 181 100 100 1
ST
1136 1
RP 3
KP 0 0 0
KW 120 0 255
EL 32 182 100 100 1
ST
1137 1
RP 3
KP 0 0 0
KW 121 0 255
EL 33 183 100 100 1
ST
1138 1
RP 3
KP 0 0 0
KW 122 0 255
EL 34 184 100 100 1
ST
1139 1
RP 3
KP 0 0 0
KW 123 0 255
EL 35 185 100 100 1
ST
1140 1
RP 3
KP 0 0 0
KW 124 0 255
EL 36 186 100 100 1
ST
1141 1
RP 3
KP 0 0 0
KW 125 0 255
EL 37 187 100 100 1
ST
1142 1
RP 3
KP 0 0 0
KW 126 0 255
EL 38 188 100 100 1
ST
1143 1
RP 3
KP 0 0 0
KW 127 0 255
EL 39 189 100 100 1
ST
1144 1
RP 3
KP 0 0 0
KW 128 0 255
EL 40 190 100 100 1
ST
1145 1
RP 3
KP 0 0 0
KW 129 0 255
EL 41 191 100 100 1
ST
1146 1
RP 3
KP 0 0 0
KW 130 0 255
EL 42 192 100 100 1
ST
1147 1
RP 3
KP 0 0 0
KW 131 0 255
EL 43 193 100 100 1
ST
1148 1
RP 3
KP 0 0 0
KW 132 0 255
EL 44 194 100 100 1
ST
1149 1
RP 3
KP 0 0 0
KW 133 0 255
EL 45 195 100 100 1
ST
1150 1
RP 3
KP 0 0 0
KW 134 0 255
EL 46 196 100 100 1
ST
1151 1
RP 3
KP 0 0 0
KW 135 0 255
EL 47 197 100 100 1
ST
1152 1
RP 3
KP 0 0 0
KW 136 0 255
EL 48 198 100 100 1
ST
1153 1
RP 3
KP 0 0 0
KW 137 0 255
EL 49 199 100 100 1
ST
1154 1
RP 3
KP 0 0 0
KW 138 0 255
EL 50 200 100 100 1
ST
1155 1
RP 3
KP 0 0 0
KW 139 0 255
EL 51 201 100 100 1
ST
1156 1
RP 3
KP 0 0 0
KW 140 0 255
EL 52 202 100 100 1
ST
1157 1
RP 3
KP 0 0 0
KW 141 0 255
EL 53 203 100 100 1
ST
1158 1
RP 3
KP 0 0 0
KW 142 0 255
EL 54 204 100 100 1
ST
1159 1
RP 3
KP 0 0 0
KW 143 0 255
EL 55 205 100 100 1
ST
1160 1
RP 3
KP 0 0 0
KW 144 0 255
EL 56 206 100 100 1
ST
1161 1
RP 3
KP 0 0 0
KW 145 0 255
EL 57 207 100 100 1
ST
1162 1
RP 3
KP 0 0 0
KW 146 0 255
EL 58 208 100 100 1
ST
1163 1
RP 3
KP 0 0 0
KW 147 0 255
EL 59 209 100 100 1
ST
1164 1
RP 3
KP 0 0 0
KW 148 0 255
EL 60 210 100 100 1
ST
1165 1
RP 3
KP 0 0 0
KW 149 0 255
EL 61 211 100 100 1
ST
1166 1
RP 3
KP 0 0 0
KW 150 0 255
EL 62 212 100 100 1
ST
1167 1
RP 3
KP 0 0 0
KW 151 0 255
EL 63 213 100 100 1
ST
1168 1
RP 3
KP 0 0 0
KW 152 0 255
EL 64 214 100 100 1
ST
1169 1
RP 3
KP 0 0 0
KW 153 0 255
EL 65 215 100 100 1
ST
1170 1
RP 3
KP 0 0 0
KW 154 0 255
EL 66 216 100 100 1
ST
1171 1
RP 3
KP 0 0 0
KW 155 0 255
EL 67 217 100 100 1
ST
1172 1
RP 3
KP 0 0 0
KW 156 0 255
EL 68 218 100 100 1
ST
1173 1
RP 3
KP 0 0 0
KW 157 0 255
EL 69 219 100 100 1
ST
1174 1
RP 3
KP 0 0 0
KW 158 0 255
EL 70 220 100 100 1
ST
1175 1
RP 3
KP 0 0 0
KW 159 0 255
EL 71 221 100 100 1
ST
1176 1
RP 3
KP 0 0 0
KW 160 0 255
EL 72 222 100 100 1
ST
1177 1
RP 3
KP 0 0 0
KW 161 0 255
EL 73 223 100 100 1
ST
1178 1
RP 3
KP 0 0 0
KW 162 0 255
EL 74 224 100 100 1
ST
1179 1
RP 3
KP 0 0 0
KW 163 0 255
EL 75 225 100 100 1
ST
1180 1
RP 3
KP 0 0 0
KW 164 0 255
EL 76 226 100 100 1
ST
1181 1
RP 3
KP 0 0 0
KW 165 0 255
EL 77 227 100 100 1
ST
1182 1
RP 3
KP 0 0 0
KW 166 0 255
EL 78 228 100 100 1
ST
1183 1
RP 3
KP 0 0 0
KW 167 0 255
EL 79 229 100 100 1
ST
1184 1
RP 3
KP 0 0 0
KW 168 0 255
EL 80 230 100 100 1
ST
1185 1
RP 3
KP 0 0 0
KW 169 0 255
EL 81 231 100 100 1
ST
1186 1
RP 3
KP 0 0 0
KW 170 0 255
EL 82 232 100 100 1
ST
1187 1
RP 3
KP 0 0 0
KW 171 0 255
EL 83 233 100 100 1
ST
1188 1
RP 3
KP 0 0 0
KW 172 0 255
EL 84 234 100 100 1
ST
1189 1
RP 3
KP 0 0 0
KW 173 0 255
EL 85 235 100 100 1
ST
1190 1
RP 3
KP 0 0 0
KW 174 0 255
EL 86 236 100 100 1
ST
1191 1
RP 3
KP 0 0 0
KW 175 0 255
EL 87 237 100 100 1
ST
1192 1
RP 3
KP 0 0 0
KW 176 0 255
EL 88 238 100 100 1
ST
1193 1
RP 3
KP 0 0 0
KW 177 0 255
EL 89 239 100 100 1
ST
1194 1
RP 3
KP 0 0 0
KW 178 0 255
EL 90 240 100 100 1
ST
1195 1
RP 3
KP 0 0 0
KW 179 0 255
EL 91 241 100 100 1
ST
1196 1
RP 3
KP 0 0 0
KW 180 0 255
EL 92 242 100 100 1
ST
1197 1
RP 3
KP 0 0 0
KW 181 0 255
EL 93 243 100 100 1
ST
1198 1
RP 3
KP 0 0 0
KW 182 0 255
EL 94 244 100 100 1
ST
1199 1
RP 3
KP 0 0 0
KW 183 0 255
EL 95 245 100 100 1
ST
1200 1
RP 3
KP 0 0 0
KW 184 0 255
EL 96 246 100 100 1
ST
1201 1
RP 3
KP 0 0 0
KW 185 0 255
EL 97 247 100 100 1
ST
1202 1
RP 3
KP 0 0 0
KW 186 0 255
EL 98 248 100 100 1
ST
1203 1
RP 3
KP 0 0 0
KW 187 0 255
EL 99 249 100 100 1
ST
1204 1
RP 3
KP 0 0 0
KW 188 0 255
EL 100 250 100 100 1
ST
1205 1
RP 3
KP 0 0 0
KW 189 0 255
EL 101 251 100 100 1
ST
1206 1
RP 3
KP 0 0 0
KW 190 0 255
EL 102 252 100 100 1
ST
1207 1
RP 3
KP 0 0 0
KW 191 0 255
EL 103 253 100 100 1
ST
1208 1
RP 3
KP 0 0 0
KW 192 0 255
EL 104 254 100 100 1
ST
1209 1
RP 3
KP 0 0 0
KW 193 0 255
EL 105 255 100 100 1
ST
1210 1
RP 3
KP 0 0 0
KW 194 0 255
EL 106 256 100 100 1
ST
1211 1
RP 3
KP 0 0 0
KW 195 0 255
EL 107 257 100 100 1
ST
1212 1
RP 3
KP 0 0 0
KW 196 0 255
EL 108 258 100 100 1
ST
1213 1
RP 3
KP 0 0 0
KW 197 0 255
EL 109 259 100 100 1
ST
1214 1
RP 3
KP 0 0 0
KW 198 0 255
EL 110 260 100 100 1
ST
1215 1
RP 3
KP 0 0 0
KW 199 0 255
EL 111 261 100 100 1
ST
1216 1
RP 3
KP 0 0 0
KW 200 0 255
EL 112 262 100 100 1
ST
1217 1
RP 3
KP 0 0 0
KW 201 0 255
EL 113 263 100 100 1
ST
1218 1
RP 3
KP 0 0 0
KW 202 0 255
EL 114 264 100 100 1
ST
1219 1
RP 3
KP 0 0 0
KW 203 0 255
EL 115 265 100 100 1
ST
1220 1
RP 3
KP 0 0 0
KW 204 0 255
EL 116 266 100 100 1
ST
1221 1
RP 3
KP 0 0 0
KW 205 0 255
EL 117 267 100 100 1
ST
1222 1
RP 3
KP 0 0 0
KW 206 0 255
EL 118 268 100 100 1
ST
1223 1
RP 3
KP 0 0 0
KW 207 0 255
EL 119 269 100 100 1
ST
1224 1
RP 3
KP 0 0 0
KW 208 0 255
EL 120 270 100 100 1
ST
1225 1
RP 3
KP 0 0 0
KW 209 0 255
EL 121 271 100 100 1
ST
1226 1
RP 3
KP 0 0 0
KW 210 0 255
EL 122 272 100 100 1
ST
1227 1
RP 3
KP 0 0 0
KW 211 0 255
EL 123 273 100 100 1
ST
1228 1
RP 3
KP 0 0 0
KW 212 0 255
EL 124 274 100 100 1
ST
1229 1
RP 3
KP 0 0 0
KW 213 0 255
EL 125 275 100 100 1
ST
1230 1
RP 3
KP 0 0 0
KW 214 0 255
EL 126 276 100 100 1
ST
1231 1
RP 3
KP 0 0 0
KW 215 0 255
EL 127 277 100 100 1
ST
1232 1
RP 3
KP 0 0 0
KW 216 0 255
EL 128 278 100 100 1
ST
1233 1
RP 3
KP 0 0 0
KW 217 0 255
EL 129 279 100 100 1
ST
1234 1
RP 3
KP 0 0 0
KW 218 0 255
EL 130 280 100 100 1
ST
1235 1
RP 3
KP 0 0 0
KW 219 0 255
EL 131 281 100 100 1
ST
1236 1
RP 3
KP 0 0 0
KW 220 0 255
EL 132 282 100 100 1
ST
1237 1
RP 3
KP 0 0 0
KW 221 0 255
EL 133 283 100 100 1
ST
1238 1
RP 3
KP 0 0 0
KW 222 0 255
EL 134 284 100 100 1
ST
1239 1
RP 3
KP 0 0 0
KW 223 0 255
EL 135 285 100 100 1
ST
1240 1
RP 3
KP 0 0 0
KW 224 0 255
EL 136 286 100 100 1
ST
1241 1
RP 3
KP 0 0 0
KW 225 0 255
EL 137 287 100 100 1
ST
1242 1
RP 3
KP 0 0 0
KW 226 0 255
EL 138 288 100 100 1
ST
1243 1
RP 3
KP 0 0 0
KW 227 0 255
EL 139 289 100 100 1
ST
1244 1
RP 3
KP 0 0 0
KW 228 0 255
EL 140 290 100 100 1
ST
1245 1
RP 3
KP 0 0 0
KW 229 0 255
EL 141 291 100 100 1
ST
1246 1
RP 3
KP 0 0 0
KW 230 0 255
EL 142 292 100 100 1
ST
1247 1
RP 3
KP 0 0 0
KW 231 0 255
EL 143 293 100 100 1
ST
1248 1
RP 3
KP 0 0 0
KW 232 0 255
EL 144 294 100 100 1
ST
1249 1
RP 3
KP 0 0 0
KW 233 0 255
EL 145 295 100 100 1
ST
1250 1
RP 3
KP 0 0 0
KW 234 0 255
EL 146 296 100 100 1
ST
1251 1
RP 3
KP 0 0 0
KW 235 0 255
EL 147 297 100 100 1
ST
1252 1
RP 3
KP 0 0 0
KW 236 0 255
EL 148 298 100 100 1
ST
1253 1
RP 3
KP 0 0 0
KW 237 0 255
EL 149 299 100 100 1
ST
1254 1
RP 3
KP 0 0 0
KW 238 0 255
EL 150 300 100 100 1
ST
1255 1
RP 3
KP 0 0 0
KW 239 0 255
EL 151 301 100 100 1
ST
1256 1
RP 3
KP 0 0 0
KW 240 0 255
EL 152 302 100 100 1
ST
1257 1
RP 3
KP 0 0 0
KW 241 0 255
EL 153 303 100 100 1
ST
1258 1
RP 3
KP 0 0 0
KW 242 0 255
EL 154 304 100 100 1
ST
1259 1
RP 3
KP 0 0 0
KW 243 0 255
EL 155 305 100 100 1
ST
1260 1
RP 3
KP 0 0 0
KW 244 0 255
EL 156 306 100 100 1
ST
1261 1
RP 3
KP 0 0 0
KW 245 0 255
EL 157 307 100 100 1
ST
1262 1
RP 3
KP 0 0 0
KW 246 0 255
EL 158 308 100 100 1
ST
1263 1
RP 3
KP 0 0 0
KW 247 0 255
EL 159 309 100 100 1
ST
1264 1
RP 3
KP 0 0 0
KW 248 0 255
EL 160 310 100 100 1
ST
1265 1
RP 3
KP 0 0 0
KW 249 0 255
EL 161 311 100 100 1
ST
1266 1
RP 3
KP 0 0 0
KW 250 0 255
EL 162 312 100 100 1
ST
1267 1
RP 3
KP 0 0 0
KW 251 0 255
EL 163 313 100 100 1
ST
1268 1
RP 3
KP 0 0 0
KW 252 0 255
EL 164 314 100 100 1
ST
1269 1
RP 3
KP 0 0 0
KW 253 0 255
EL 165 315 100 100 1
ST
1270 1
RP 3
KP 0 0 0
KW 254 0 255
EL 166 316 100 100 1
ST
1271 1
RP 3
KP 0 0 0
KW 255 0 254
EL 167 317 100 100 1
ST
1272 1
RP 3
KP 0 0 0
KW 255 0 253
EL 168 318 100 100 1
ST
1273 1
RP 3
KP 0 0 0
KW 255 0 252
EL 169 319 100 100 1
ST
1274 1
RP 3
KP 0 0 0
KW 255 0 251
EL 170 320 100 100 1
ST
1275 1
RP 3
KP 0 0 0
KW 255 0 250
EL 171 321 100 100 1
ST
1276 1
RP 3
KP 0 0 0
KW 255 0 249
EL 172 322 100 100 1
ST
1277 1
RP 3
KP 0 0 0
KW 255 0 248
EL 173 323 100 100 1
ST
1278 1
RP 3
KP 0 0 0
KW 255 0 247
EL 174 324 100 100 1
ST
1279 1
RP 3
KP 0 0 0
KW 255 0 246
EL 175 325 100 100 1
ST
1280 1
RP 3
KP 0 0 0
KW 255 0 245
EL 176 326 100 100 1
ST
1281 1
RP 3
KP 0 0 0
KW 255 0 244
EL 177 327 100 100 1
ST
1282 1
RP 3
KP 0 0 0
KW 255 0 243
EL 178 328 100 100 1
ST
1283 1
RP 3
KP 0 0 0
KW 255 0 242
EL 179 329 100 100 1
ST
1284 1
RP 3
KP 0 0 0
KW 255 0 241
EL 180 330 100 100 1
ST
1285 1
RP 3
KP 0 0 0
KW 255 0 240
EL 181 331 100 100 1
ST
1286 1
RP 3
KP 0 0 0
KW 255 0 239
EL 182 332 100 100 1
ST
1287 1
RP 3
KP 0 0 0
KW 255 0 238
EL 183 333 100 100 1
ST
1288 1
RP 3
KP 0 0 0
KW 255 0 237
EL 184 334 100 100 1
ST
1289 1
RP 3
KP 0 0 0
KW 255 0 236
EL 185 335 100 100 1
ST
1290 1
RP 3
KP 0 0 0
KW 255 0 235
EL 186 336 100 100 1
ST
1291 1
RP 3
KP 0 0 0
KW 255 0 234
EL 187 337 100 100 1
ST
1292 1
RP 3
KP 0 0 0
KW 255 0 233
EL 188 338 100 100 1
ST
1293 1
RP 3
KP 0 0 0
KW 255 0 232
EL 189 339 100 100 1
ST
1294 1
RP 3
KP 0 0 0
KW 255 0 231
EL 190 340 100 100 1
ST
1295 1
RP 3
KP 0 0 0
KW 255 0 230
EL 191 341 100 100 1
ST
1296 1
RP 3
KP 0 0 0
KW 255 0 229
EL 192 342 100 100 1
ST
1297 1
RP 3
KP 0 0 0
KW 255 0 228
EL 193 343 100 100 1
ST
1298 1
RP 3
KP 0 0 0
KW 255 0 227
EL 194 344 100 100 1
ST
1299 1
RP 3
KP 0 0 0
KW 255 0 226
EL 195 345 100 100 1
ST
1300 1
RP 3
KP 0 0 0
KW 255 0 225
EL 196 346 100 100 1
ST
1301 1
RP 3
KP 0 0 0
KW 255 0 224
EL 197 347 100 100 1
ST
1302 1
RP 3
KP 0 0 0
KW 255 0 223
EL 198 348 100 100 1
ST
1303 1
RP 3
KP 0 0 0
KW 255 0 222
EL 199 349 100 100 1
ST
1304 1
RP 3
KP 0 0 0
KW 255 0 221
EL 200 350 100 100 1
ST
1305 1
RP 3
KP 0 0 0
KW 255 0 220
EL 201 351 100 100 1
ST
1306 1
RP 3
KP 0 0 0
KW 255 0 219
EL 202 352 100 100 1
ST
1307 1
RP 3
KP 0 0 0
KW 255 0 218
EL 203 353 100 100 1
ST
1308 1
RP 3
KP 0 0 0
KW 255 0 217
EL 204 354 100 100 1
ST
1309 1
RP 3
KP 0 0 0
KW 255 0 216
EL 205 355 100 100 1
ST
1310 1
RP 3
KP 0 0 0
KW 255 0 215
EL 206 356 100 100 1
ST
1311 1
RP 3
KP 0 0 0
KW 255 0 214
EL 207 357 100 100 1
ST
1312 1
RP 3
KP 0 0 0
KW 255 0 213
EL 208 358 100 100 1
ST
1313 1
RP 3
KP 0 0 0
KW 255 0 212
EL 209 359 100 100 1
ST
1314 1
RP 3
KP 0 0 0
KW 255 0 211
EL 210 360 100 100 1
ST
1315 1
RP 3
KP 0 0 0
KW 255 0 210
EL 211 361 100 100 1
ST
1316 1
RP 3
KP 0 0 0
KW 255 0 209
EL 212 362 100 100 1
ST
1317 1
RP 3
KP 0 0 0
KW 255 0 208
EL 213 363 100 100 1
ST
1318 1
RP 3
KP 0 0 0
KW 255 0 207
EL 214 364 100 100 1
ST
1319 1
RP 3
KP 0 0 0
KW 255 0 206
EL 215 365 100 100 1
ST
1320 1
RP 3
KP 0 0 0
KW 255 0 205
EL 216 366 100 100 1
ST
1321 1
RP 3
KP 0 0 0
KW 255 0 204
EL 217 367 100 100 1
ST
1322 1
RP 3
KP 0 0 0
KW 255 0 203
EL 218 368 100 100 1
ST
1323 1
RP 3
KP 0 0 0
KW 255 0 202
EL 219 369 100 100 1
ST
1324 1
RP 3
KP 0 0 0
KW 255 0 201
EL 220 370 100 100 1
ST
1325 1
RP 3
KP 0 0 0
KW 255 0 200
EL 221 371 100 100 1
ST
1326 1
RP 3
KP 0 0 0
KW 255 0 199
EL 222 372 100 100 1
ST
1327 1
RP 3
KP 0 0 0
KW 255 0 198
EL 223 373 100 100 1
ST
1328 1
RP 3
KP 0 0 0
KW 255 0 197
EL 224 374 100 100 1
ST
1329 1
RP 3
KP 0 0 0
KW 255 0 196
EL 225 375 100 100 1
ST
1330 1
RP 3
KP 0 0 0
KW 255 0 195
EL 226 376 100 100 1
ST
1331 1
RP 3
KP 0 0 0
KW 255 0 194
EL 227 377 100 100 1
ST
1332 1
RP 3
KP 0 0 0
KW 255 0 193
EL 228 378 100 100 1
ST
1333 1
RP 3
KP 0 0 0
KW 255 0 192
EL 229 379 100 100 1
ST
1334 1
RP 3
KP 0 0 0
KW 255 0 191
EL 230 380 100 100 1
ST
1335 1
RP 3
KP 0 0 0
KW 255 0 190
EL 231 381 100 100 1
ST
1336 1
RP 3
KP 0 0 0
KW 255 0 189
EL 232 382 100 100 1
ST
1337 1
RP 3
KP 0 0 0
KW 255 0 188
EL 233 383 100 100 1
ST
1338 1
RP 3
KP 0 0 0
KW 255 0 187
EL 234 384 100 100 1
ST
1339 1
RP 3
KP 0 0 0
KW 255 0 186
EL 235 385 100 100 1
ST
1340 1
RP 3
KP 0 0 0
KW 255 0 185
EL 236 386 100 100 1
ST
1341 1
RP 3
KP 0 0 0
KW 255 0 184
EL 237 387 100 100 1
ST
1342 1
RP 3
KP 0 0 0
KW 255 0 183
EL 238 388 100 100 1
ST
1343 1
RP 3
KP 0 0 0
KW 255 0 182
EL 239 389 100 100 1
ST
1344 1
RP 3
KP 0 0 0
KW 255 0 181
EL 240 390 100 100 1
ST
1345 1
RP 3
KP 0 0 0
KW 255 0 180
EL 241 391 100 100 1
ST
1346 1
RP 3
KP 0 0 0
KW 255 0 179
EL 242 392 100 100 1
ST
1347 1
RP 3
KP 0 0 0
KW 255 0 178
EL 243 393 100 100 1
ST
1348 1
RP 3
KP 0 0 0
KW 255 0 177
EL 244 394 100 100 1
ST
1349 1
RP 3
KP 0 0 0
KW 255 0 176
EL 245 395 100 100 1
ST
1350 1
RP 3
KP 0 0 0
KW 255 0 175
EL 246 396 100 100 1
ST
1351 1
RP 3
KP 0 0 0
KW 255 0 174
EL 247 397 100 100 1
ST
1352 1
RP 3
KP 0 0 0
KW 255 0 173
EL 248 398 100 100 1
ST
1353 1
RP 3
KP 0 0 0
KW 255 0 172
EL 249 399 100 100 1
ST
1354 1
RP 3
KP 0 0 0
KW 255 0 171
EL 250 400 100 100 1
ST
1355 1
RP 3
KP 0 0 0
KW 255 0 170
EL 251 401 100 100 1
ST
1356 1
RP 3
KP 0 0 0
KW 255 0 169
EL 252 402 100 100 1
ST
1357 1
RP 3
KP 0 0 0
KW 255 0 168
EL 253 403 100 100 1
ST
1358 1
RP 3
KP 0 0 0
KW 255 0 167
EL 254 404 100 100 1
ST
1359 1
RP 3
KP 0 0 0
KW 255 0 166
EL 255 405 100 100 1
ST
1360 1
RP 3
KP 0 0 0
KW 255 0 165
EL 256 406 100 100 1
ST
1361 1
RP 3
KP 0 0 0
KW 255 0 164
EL 257 407 100 100 1
ST
1362 1
RP 3
KP 0 0 0
KW 255 0 163
EL 258 408 100 100 1
ST
1363 1
RP 3
KP 0 0 0
KW 255 0 162
EL 259 409 100 100 1
ST
1364 1
RP 3
KP 0 0 0
KW 255 0 161
EL 260 410 100 100 1
ST
1365 1
RP 3
KP 0 0 0
KW 255 0 160
EL 261 411 100 100 1
ST
1366 1
RP 3
KP 0 0 0
KW 255 0 159
EL 262 412 100 100 1
ST
1367 1
RP 3
KP 0 0 0
KW 255 0 158
EL 263 413 100 100 1
ST
1368 1
RP 3
KP 0 0 0
KW 255 0 157
EL 264 414 100 100 1
ST
1369 1
RP 3
KP 0 0 0
KW 255 0 156
EL 265 415 100 100 1
ST
1370 1
RP 3
KP 0 0 0
KW 255 0 155
EL 266 416 100 100 1
ST
1371 1
RP 3
KP 0 0 0
KW 255 0 154
EL 267 417 100 100 1
ST
1372 1
RP 3
KP 0 0 0
KW 255 0 153
EL 268 418 100 100 1
ST
1373 1
RP 3
KP 0 0 0
KW 255 0 152
EL 269 419 100 100 1
ST
1374 1
RP 3
KP 0 0 0
KW 255 0 151
EL 270 420 100 100 1
ST
1375 1
RP 3
KP 0 0 0
KW 255 0 150
EL 271 421 100 100 1
ST
1376 1
RP 3
KP 0 0 0
KW 255 0 149
EL 272 422 100 100 1
ST
1377 1
RP 3
KP 0 0 0
KW 255 0 148
EL 273 423 100 100 1
ST
1378 1
RP 3
KP 0 0 0
KW 255 0 147
EL 274 424 100 100 1
ST
1379 1
RP 3
KP 0 0 0
KW 255 0 146
EL 275 425 100 100 1
ST
1380 1
RP 3
KP 0 0 0
KW 255 0 145
EL 276 426 100 100 1
ST
1381 1
RP 3
KP 0 0 0
KW 255 0 144
EL 277 427 100 100 1
ST
1382 1
RP 3
KP 0 0 0
KW 255 0 143
EL 278 428 100 100 1
ST
1383 1
RP 3
KP 0 0 0
KW 255 0 142
EL 279 429 100 100 1
ST
1384 1
RP 3
KP 0 0 0
KW 255 0 141
EL 280 430 100 100 1
ST
1385 1
RP 3
KP 0 0 0
KW 255 0 140
EL 281 431 100 100 1
ST
1386 1
RP 3
KP 0 0 0
KW 255 0 139
EL 282 432 100 100 1
ST
1387 1
RP 3
KP 0 0 0
KW 255 0 138
EL 283 433 100 100 1
ST
1388 1
RP 3
KP 0 0 0
KW 255 0 137
EL 284 434 100 100 1
ST
1389 1
RP 3
KP 0 0 0
KW 255 0 136
EL 285 435 100 100 1
ST
1390 1
RP 3
KP 0 0 0
KW 255 0 135
EL 286 436 100 100 1
ST
1391 1
RP 3
KP 0 0 0
KW 255 0 134
EL 287 437 100 100 1
ST
1392 1
RP 3
KP 0 0 0
KW 255 0 133
EL 288 438 100 100 1
ST
1393 1
RP 3
KP 0 0 0
KW 255 0 132
EL 289 439 100 100 1
ST
1394 1
RP 3
KP 0 0 0
KW 255 0 131
EL 290 440 100 100 1
ST
1395 1
RP 3
KP 0 0 0
KW 255 0 130
EL 291 441 100 100 1
ST
1396 1
RP 3
KP 0 0 0
KW 255 0 129
EL 292 442 100 100 1
ST
1397 1
RP 3
KP 0 0 0
KW 255 0 128
EL 293 443 100 100 1
ST
1398 1
RP 3
KP 0 0 0
KW 255 0 127
EL 294 444 100 100 1
ST
1399 1
RP 3
KP 0 0 0
KW 255 0 126
EL 295 445 100 100 1
ST
1400 1
RP 3
KP 0 0 0
KW 255 0 125
EL 296 446 100 100 1
ST
1401 1
RP 3
KP 0 0 0
KW 255 0 124
EL 297 447 100 100 1
ST
1402 1
RP 3
KP 0 0 0
KW 255 0 123
EL 298 448 100 100 1
ST
1403 1
RP 3
KP 0 0 0
KW 255 0 122
EL 299 449 100 100 1
ST
1404 1
RP 3
KP 0 0 0
KW 255 0 121
EL 300 450 100 100 1
ST
1405 1
RP 3
KP 0 0 0
KW 255 0 120
EL 301 451 100 100 1
ST
1406 1
RP 3
KP 0 0 0
KW 255 0 119
EL 302 452 100 100 1
ST
1407 1
RP 3
KP 0 0 0
KW 255 0 118
EL 303 453 100 100 1
ST
1408 1
RP 3
KP 0 0 0
KW 255 0 117
EL 304 454 100 100 1
ST
1409 1
RP 3
KP 0 0 0
KW 255 0 116
EL 305 455 100 100 1
ST
1410 1
RP 3
KP 0 0 0
KW 255 0 115
EL 306 456 100 100 1
ST
1411 1
RP 3
KP 0 0 0
KW 255 0 114
EL 307 457 100 100 1
ST
1412 1
RP 3
KP 0 0 0
KW 255 0 113
EL 308 458 100 100 1
ST
1413 1
RP 3
KP 0 0 0
KW 255 0 112
EL 309 459 100 100 1
ST
1414 1
RP 3
KP 0 0 0
KW 255 0 111
EL 310 460 100 100 1
ST
1415 1
RP 3
KP 0 0 0
KW 255 0 110
EL 311 461 100 100 1
ST
1416 1
RP 3
KP 0 0 0
KW 255 0 109
EL 312 462 100 100 1
ST
1417 1
RP 3
KP 0 0 0
KW 255 0 108
EL 313 463 100 100 1
ST
1418 1
RP 3
KP 0 0 0
KW 255 0 107
EL 314 464 100 100 1
ST
1419 1
RP 3
KP 0 0 0
KW 255 0 106
EL 315 465 100 100 1
ST
1420 1
RP 3
KP 0 0 0
KW 255 0 105
EL 316 466 100 100 1
ST
1421 1
RP 3
KP 0 0 0
KW 255 0 104
EL 317 467 100 100 1
ST
1422 1
RP 3
KP 0 0 0
KW 255 0 103
EL 318 468 100 100 1
ST
1423 1
RP 3
KP 0 0 0
KW 255 0 102
EL 319 469 100 100 1
ST
1424 1
RP 3
KP 0 0 0
KW 255 0 101
EL 320 470 100 100 1
ST
1425 1
RP 3
KP 0 0 0
KW 255 0 100
EL 321 471 100 100 1
ST
1426 1
RP 3
KP 0 0 0
KW 255 0 99
EL 322 472 100 100 1
ST
1427 1
RP 3
KP 0 0 0
KW 255 0 98
EL 323 473 100 100 1
ST
1428 1
RP 3
KP 0 0 0
KW 255 0 97
EL 324 474 100 100 1
ST
1429 1
RP 3
KP 0 0 0
KW 255 0 96
EL 325 475 100 100 1
ST
1430 1
RP 3
KP 0 0 0
KW 255 0 95
EL 326 476 100 100 1
ST
1431 1
RP 3
KP 0 0 0
KW 255 0 94
EL 327 477 100 100 1
ST
1432 1
RP 3
KP 0 0 0
KW 255 0 93
EL 328 478 100 100 1
ST
1433 1
RP 3
KP 0 0 0
KW 255 0 92
EL 329 479 100 100 1
ST
1434 1
RP 3
KP 0 0 0
KW 255 0 91
EL 330 480 100 100 1
ST
1435 1
RP 3
KP 0 0 0
KW 255 0 90
EL 331 481 100 100 1
ST
1436 1
RP 3
KP 0 0 0
KW 255 0 89
EL 332 482 100 100 1
ST
1437 1
RP 3
KP 0 0 0
KW 255 0 88
EL 333 483 100 100 1
ST
1438 1
RP 3
KP 0 0 0
KW 255 0 87
EL 334 484 100 100 1
ST
1439 1
RP 3
KP 0 0 0
KW 255 0 86
EL 335 485 100 100 1
ST
1440 1
RP 3
KP 0 0 0
KW 255 0 85
EL 336 486 100 100 1
ST
1441 1
RP 3
KP 0 0 0
KW 255 0 84
EL 337 487 100 100 1
ST
1442 1
RP 3
KP 0 0 0
KW 255 0 83
EL 338 488 100 100 1
ST
1443 1
RP 3
KP 0 0 0
KW 255 0 82
EL 339 489 100 100 1
ST
1444 1
RP 3
KP 0 0 0
KW 255 0 81
EL 340 490 100 100 1
ST
1445 1
RP 3
KP 0 0 0
KW 255 0 80
EL 341 491 100 100 1
ST
1446 1
RP 3
KP 0 0 0
KW 255 0 79
EL 342 492 100 100 1
ST
1447 1
RP 3
KP 0 0 0
KW 255 0 78
EL 343 493 100 100 1
ST
1448 1
RP 3
KP 0 0 0
KW 255 0 77
EL 344 494 100 100 1
ST
1449 1
RP 3
KP 0 0 0
KW 255 0 76
EL 345 495 100 100 1
ST
1450 1
RP 3
KP 0 0 0
KW 255 0 75
EL 346 496 100 100 1
ST
1451 1
RP 3
KP 0 0 0
KW 255 0 74
EL 347 497 100 100 1
ST
1452 1
RP 3
KP 0 0 0
KW 255 0 73
EL 348 498 100 100 1
ST
1453 1
RP 3
KP 0 0 0
KW 255 0 72
EL 349 499 100 100 1
ST
1454 1
RP 3
KP 0 0 0
KW 255 0 71
EL 350 500 100 100 1
ST
1455 1
RP 3
KP 0 0 0
KW 255 0 70
EL 351 501 100 100 1
ST
1456 1
RP 3
KP 0 0 0
KW 255 0 69
EL 352 500 100 100 1
ST
1457 1
RP 3
KP 0 0 0
KW 255 0 68
EL 353 499 100 100 1
ST
1458 1
RP 3
KP 0 0 0
KW 255 0 67
EL 354 498 100 100 1
ST
1459 1
RP 3
KP 0 0 0
KW 255 0 66
EL 355 497 100 100 1
ST
1460 1
RP 3
KP 0 0 0
KW 255 0 65
EL 356 496 100 100 1
ST
1461 1
RP 3
KP 0 0 0
KW 255 0 64
EL 357 495 100 100 1
ST
1462 1
RP 3
KP 0 0 0
KW 255 0 63
EL 358 494 100 100 1
ST
1463 1
RP 3
KP 0 0 0
KW 255 0 62
EL 359 493 100 100 1
ST
1464 1
RP 3
KP 0 0 0
KW 255 0 61
EL 360 492 100 100 1
ST
1465 1
RP 3
KP 0 0 0
KW 255 0 60
EL 361 491 100 100 1
ST
1466 1
RP 3
KP 0 0 0
KW 255 0 59
EL 362 490 100 100 1
ST
1467 1
RP 3
KP 0 0 0
KW 255 0 58
EL 363 489 100 100 1
ST
1468 1
RP 3
KP 0 0 0
KW 255 0 57
EL 364 488 100 100 1
ST
1469 1
RP 3
KP 0 0 0
KW 255 0 56
EL 365 487 100 100 1
ST
1470 1
RP 3
KP 0 0 0
KW 255 0 55
EL 366 486 100 100 1
ST
1471 1
RP 3
KP 0 0 0
KW 255 0 54
EL 367 485 100 100 1
ST
1472 1
RP 3
KP 0 0 0
KW 255 0 53
EL 368 484 100 100 1
ST
1473 1
RP 3
KP 0 0 0
KW 255 0 52
EL 369 483 100 100 1
ST
1474 1
RP 3
KP 0 0 0
KW 255 0 51
EL 370 482 100 100 1
ST
1475 1
RP 3
KP 0 0 0
KW 255 0 50
EL 371 481 100 100 1
ST
1476 1
RP 3
KP 0 0 0
KW 255 0 49
EL 372 480 100 100 1
ST
1477 1
RP 3
KP 0 0 0
KW 255 0 48
EL 373 479 100 100 1
ST
1478 1
RP 3
KP 0 0 0
KW 255 0 47
EL 374 478 100 100 1
ST
1479 1
RP 3
KP 0 0 0
KW 255 0 46
EL 375 477 100 100 1
ST
1480 1
RP 3
KP 0 0 0
KW 255 0 45
EL 376 476 100 100 1
ST
1481 1
RP 3
KP 0 0 0
KW 255 0 44
EL 377 475 100 100 1
ST
1482 1
RP 3
KP 0 0 0
KW 255 0 43
EL 378 474 100 100 1
ST
1483 1
RP 3
KP 0 0 0
KW 255 0 42
EL 379 473 100 100 1
ST
1484 1
RP 3
KP 0 0 0
KW 255 0 41
EL 380 472 100 100 1
ST
1485 1
RP 3
KP 0 0 0
KW 255 0 40
EL 381 471 100 100 1
ST
1486 1
RP 3
KP 0 0 0
KW 255 0 39
EL 382 470 100 100 1
ST
1487 1
RP 3
KP 0 0 0
KW 255 0 38
EL 383 469 100 100 1
ST
1488 1
RP 3
KP 0 0 0
KW 255 0 37
EL 384 468 100 100 1
ST
1489 1
RP 3
KP 0 0 0
KW 255 0 36
EL 385 467 100 100 1
ST
1490 1
RP 3
KP 0 0 0
KW 255 0 35
EL 386 466 100 100 1
ST
1491 1
RP 3
KP 0 0 0
KW 255 0 34
EL 387 465 100 100 1
ST
1492 1
RP 3
KP 0 0 0
KW 255 0 33
EL 388 464 100 100 1
ST
1493 1
RP 3
KP 0 0 0
KW 255 0 32
EL 389 463 100 100 1
ST
1494 1
RP 3
KP 0 0 0
KW 255 0 31
EL 390 462 100 100 1
ST
1495 1
RP 3
KP 0 0 0
KW 255 0 30
EL 391 461 100 100 1
ST
1496 1
RP 3
KP 0 0 0
KW 255 0 29
EL 392 460 100 100 1
ST
1497 1
RP 3
KP 0 0 0
KW 255 0 28
EL 393 459 100 100 1
ST
1498 1
RP 3
KP 0 0 0
KW 255 0 27
EL 394 458 100 100 1
ST
1499 1
RP 3
KP 0 0 0
KW 255 0 26
EL 395 457 100 100 1
ST
1500 1
RP 3
KP 0 0 0
KW 255 0 25
EL 396 456 100 100 1
ST
1501 1
RP 3
KP 0 0 0
KW 255 0 24
EL 397 455 100 100 1
ST
1502 1
RP 3
KP 0 0 0
KW 255 0 23
EL 398 454 100 100 1
ST
1503 1
RP 3
KP 0 0 0
KW 255 0 22
EL 399 453 100 100 1
ST
1504 1
RP 3
KP 0 0 0
KW 255 0 21
EL 400 452 100 100 1
ST
1505 1
RP 3
KP 0 0 0
KW 255 0 20
EL 401 451 100 100 1
ST
1506 1
RP 3
KP 0 0 0
KW 255 0 19
EL 402 450 100 100 1
ST
1507 1
RP 3
KP 0 0 0
KW 255 0 18
EL 403 449 100 100 1
ST
1508 1
RP 3
KP 0 0 0
KW 255 0 17
EL 404 448 100 100 1
ST
1509 1
RP 3
KP 0 0 0
KW 255 0 16
EL 405 447 100 100 1
ST
1510 1
RP 3
KP 0 0 0
KW 255 0 15
EL 406 446 100 100 1
ST
1511 1
RP 3
KP 0 0 0
KW 255 0 14
EL 407 445 100 100 1
ST
1512 1
RP 3
KP 0 0 0
KW 255 0 13
EL 408 444 100 100 1
ST
1513 1
RP 3
KP 0 0 0
KW 255 0 12
EL 409 443 100 100 1
ST
1514 1
RP 3
KP 0 0 0
KW 255 0 11
EL 410 442 100 100 1
ST
1515 1
RP 3
KP 0 0 0
KW 255 0 10
EL 411 441 100 100 1
ST
1516 1
RP 3
KP 0 0 0
KW 255 0 9
EL 412 440 100 100 1
ST
1517 1
RP 3
KP 0 0 0
KW 255 0 8
EL 413 439 100 100 1
ST
1518 1
RP 3
KP 0 0 0
KW 255 0 7
EL 414 438 100 100 1
ST
1519 1
RP 3
KP 0 0 0
KW 255 0 6
EL 415 437 100 100 1
ST
1520 1
RP 3
KP 0 0 0
KW 255 0 5
EL 416 436 100 100 1
ST
1521 1
RP 3
KP 0 0 0
KW 255 0 4
EL 417 435 100 100 1
ST
1522 1
RP 3
KP 0 0 0
KW 255 0 3
EL 418 434 100 100 1
ST
1523 1
RP 3
KP 0 0 0
KW 255 0 2
EL 419 433 100 100 1
ST
1524 1
RP 3
KP 0 0 0
KW 255 0 1
EL 420 432 100 100 1
ST
1525 1
RP 3
KP 0 0 0
KW 255 0 0
EL 421 431 100 100 1
ST
1526 1
RP 3
KP 0 0 0
KW 255 1 0
EL 422 430 100 100 1
ST
1527 1
RP 3
KP 0 0 0
KW 255 2 0
EL 423 429 100 100 1
ST
1528 1
RP 3
KP 0 0 0
KW 255 3 0
EL 424 428 100 100 1
ST
1529 1
RP 3
KP 0 0 0
KW 255 4 0
EL 425 427 100 100 1
ST
1530 1
RP 3
KP 0 0 0
KW 255 5 0
EL 426 426 100 100 1
ST
1531 1
RP 3
KP 0 0 0
KW 255 6 0
EL 427 425 100 100 1
ST
1532 1
RP 3
KP 0 0 0
KW 255 7 0
EL 428 424 100 100 1
ST
1533 1
RP 3
KP 0 0 0
KW 255 8 0
EL 429 423 100 100 1
ST
1534 1
RP 3
KP 0 0 0
KW 255 9 0
EL 430 422 100 100 1
ST
1535 1
RP 3
KP 0 0 0
KW 255 10 0
EL 431 421 100 100 1
ST
1536 1
RP 3
KP 0 0 0
KW 255 11 0
EL 432 420 100 100 1
ST
1537 1
RP 3
KP 0 0 0
KW 255 12 0
EL 433 419 100 100 1
ST
1538 1
RP 3
KP 0 0 0
KW 255 13 0
EL 434 418 100 100 1
ST
1539 1
RP 3
KP 0 0 0
KW 255 14 0
EL 435 417 100 100 1
ST
1540 1
RP 3
KP 0 0 0
KW 255 15 0
EL 436 416 100 100 1
ST
1541 1
RP 3
KP 0 0 0
KW 255 16 0
EL 437 415 100 100 1
ST
1542 1
RP 3
KP 0 0 0
KW 255 17 0
EL 438 414 100 100 1
ST
1543 1
RP 3
KP 0 0 0
KW 255 18 0
EL 439 413 100 100 1
ST
1544 1
RP 3
KP 0 0 0
KW 255 19 0
EL 440 412 100 100 1
ST
1545 1
RP 3
KP 0 0 0
KW 255 20 0
EL 441 411 100 100 1
ST
1546 1
RP 3
KP 0 0 0
KW 255 21 0
EL 442 410 100 100 1
ST
1547 1
RP 3
KP 0 0 0
KW 255 22 0
EL 443 409 100 100 1
ST
1548 1
RP 3
KP 0 0 0
KW 255 23 0
EL 444 408 100 100 1
ST
1549 1
RP 3
KP 0 0 0
KW 255 24 0
EL 445 407 100 100 1
ST
1550 1
RP 3
KP 0 0 0
KW 255 25 0
EL 446 406 100 100 1
ST
1551 1
RP 3
KP 0 0 0
KW 255 26 0
EL 447 405 100 100 1
ST
1552 1
RP 3
KP 0 0 0
KW 255 27 0
EL 448 404 100 100 1
ST
1553 1
RP 3
KP 0 0 0
KW 255 28 0
EL 449 403 100 100 1
ST
1554 1
RP 3
KP 0 0 0
KW 255 29 0
EL 450 402 100 100 1
ST
1555 1
RP 3
KP 0 0 0
KW 255 30 0
EL 451 401 100 100 1
ST
1556 1
RP 3
KP 0 0 0
KW 255 31 0
EL 452 400 100 100 1
ST
1557 1
RP 3
KP 0 0 0
KW 255 32 0
EL 453 399 100 100 1
ST
1558 1
RP 3
KP 0 0 0
KW 255 33 0
EL 454 398 100 100 1
ST
1559 1
RP 3
KP 0 0 0
KW 255 34 0
EL 455 397 100 100 1
ST
1560 1
RP 3
KP 0 0 0
KW 255 35 0
EL 456 396 100 100 1
ST
1561 1
RP 3
KP 0 0 0
KW 255 36 0
EL 457 395 100 100 1
ST
1562 1
RP 3
KP 0 0 0
KW 255 37 0
EL 458 394 100 100 1
ST
1563 1
RP 3
KP 0 0 0
KW 255 38 0
EL 459 393 100 100 1
ST
1564 1
RP 3
KP 0 0 0
KW 255 39 0
EL 460 392 100 100 1
ST
1565 1
RP 3
KP 0 0 0
KW 255 40 0
EL 461 391 100 100 1
ST
1566 1
RP 3
KP 0 0 0
KW 255 41 0
EL 462 390 100 100 1
ST
1567 1
RP 3
KP 0 0 0
KW 255 42 0
EL 463 389 100 100 1
ST
1568 1
RP 3
KP 0 0 0
KW 255 43 0
EL 464 388 100 100 1
ST
1569 1
RP 3
KP 0 0 0
KW 255 44 0
EL 465 387 100 100 1
ST
1570 1
RP 3
KP 0 0 0
KW 255 45 0
EL 466 386 100 100 1
ST
1571 1
RP 3
KP 0 0 0
KW 255 46 0
EL 467 385 100 100 1
ST
1572 1
RP 3
KP 0 0 0
KW 255 47 0
EL 468 384 100 100 1
ST
1573 1
RP 3
KP 0 0 0
KW 255 48 0
EL 469 383 100 100 1
ST
1574 1
RP 3
KP 0 0 0
KW 255 49 0
EL 470 382 100 100 1
ST
1575 1
RP 3
KP 0 0 0
KW 255 50 0
EL 471 381 100 100 1
ST
1576 1
RP 3
KP 0 0 0
KW 255 51 0
EL 472 380 100 100 1
ST
1577 1
RP 3
KP 0 0 0
KW 255 52 0
EL 473 379 100 100 1
ST
1578 1
RP 3
KP 0 0 0
KW 255 53 0
EL 474 378 100 100 1
ST
1579 1
RP 3
KP 0 0 0
KW 255 54 0
EL 475 377 100 100 1
ST
1580 1
RP 3
KP 0 0 0
KW 255 55 0
EL 476 376 100 100 1
ST
1581 1
RP 3
KP 0 0 0
KW 255 56 0
EL 477 375 100 100 1
ST
1582 1
RP 3
KP 0 0 0
KW 255 57 0
EL 478 374 100 100 1
ST
1583 1
RP 3
KP 0 0 0
KW 255 58 0
EL 479 373 100 100 1
ST
1584 1
RP 3
KP 0 0 0
KW 255 59 0
EL 480 372 100 100 1
ST
1585 1
RP 3
KP 0 0 0
KW 255 60 0
EL 481 371 100 100 1
ST
1586 1
RP 3
KP 0 0 0
KW 255 61 0
EL 482 370 100 100 1
ST
1587 1
RP 3
KP 0 0 0
KW 255 62 0
EL 483 369 100 100 1
ST
1588 1
RP 3
KP 0 0 0
KW 255 63 0
EL 484 368 100 100 1
ST
1589 1
RP 3
KP 0 0 0
KW 255 64 0
EL 485 367 100 100 1
ST
1590 1
RP 3
KP 0 0 0
KW 255 65 0
EL 486 366 100 100 1
ST
1591 1
RP 3
KP 0 0 0
KW 255 66 0
EL 487 365 100 100 1
ST
1592 1
RP 3
KP 0 0 0
KW 255 67 0
EL 488 364 100 100 1
ST
1593 1
RP 3
KP 0 0 0
KW 255 68 0
EL 489 363 100 100 1
ST
1594 1
RP 3
KP 0 0 0
KW 255 69 0
EL 490 362 100 100 1
ST
1595 1
RP 3
KP 0 0 0
KW 255 70 0
EL 491 361 100 100 1
ST
1596 1
RP 3
KP 0 0 0
KW 255 71 0
EL 492 360 100 100 1
ST
1597 1
RP 3
KP 0 0 0
KW 255 72 0
EL 493 359 100 100 1
ST
1598 1
RP 3
KP 0 0 0
KW 255 73 0
EL 494 358 100 100 1
ST
1599 1
RP 3
KP 0 0 0
KW 255 74 0
EL 495 357 100 100 1
ST
1600 1
RP 3
KP 0 0 0
KW 255 75 0
EL 496 356 100 100 1
ST
