800 600 
1 0.3
RP 3
KP 49 101 0
KW 255 1 0
EL 302 52 100 100 1
ST
2 0.3
RP 3
KP 49 102 0
KW 255 2 0
EL 304 54 100 100 1
ST
3 0.3
RP 3
KP 49 103 0
KW 255 3 0
EL 306 56 100 100 1
ST
4 0.3
RP 3
KP 49 104 0
KW 255 4 0
EL 308 58 100 100 1
ST
5 0.3
RP 3
KP 49 105 0
KW 255 5 0
EL 310 60 100 100 1
ST
6 0.3
RP 3
KP 49 106 0
KW 255 6 0
EL 312 62 100 100 1
ST
7 0.3
RP 3
KP 49 107 0
KW 255 7 0
EL 314 64 100 100 1
ST
8 0.3
RP 3
KP 49 108 0
KW 255 8 0
EL 316 66 100 100 1
ST
9 0.3
RP 3
KP 49 109 0
KW 255 9 0
EL 318 68 100 100 1
ST
10 0.3
RP 3
KP 49 110 0
KW 255 10 0
EL 320 70 100 100 1
ST
11 0.3
RP 3
KP 49 111 0
KW 255 11 0
EL 322 72 100 100 1
ST
12 0.3
RP 3
KP 49 112 0
KW 255 12 0
EL 324 74 100 100 1
ST
13 0.3
RP 3
KP 49 113 0
KW 255 13 0
EL 326 76 100 100 1
ST
14 0.3
RP 3
KP 49 114 0
KW 255 14 0
EL 328 78 100 100 1
ST
15 0.3
RP 3
KP 49 115 0
KW 255 15 0
EL 330 80 100 100 1
ST
16 0.3
RP 3
KP 49 116 0
KW 255 16 0
EL 332 82 100 100 1
ST
17 0.3
RP 3
KP 49 117 0
KW 255 17 0
EL 334 84 100 100 1
ST
18 0.3
RP 3
KP 49 118 0
KW 255 18 0
EL 336 86 100 100 1
ST
19 0.3
RP 3
KP 49 119 0
KW 255 19 0
EL 338 88 100 100 1
ST
20 0.3
RP 3
KP 49 120 0
KW 255 20 0
EL 340 90 100 100 1
ST
21 0.3
RP 3
KP 49 121 0
KW 255 21 0
EL 342 92 100 100 1
ST
22 0.3
RP 3
KP 49 122 0
KW 255 22 0
EL 344 94 100 100 1
ST
23 0.3
RP 3
KP 49 123 0
KW 255 23 0
EL 346 96 100 100 1
ST
24 0.3
RP 3
KP 49 124 0
KW 255 24 0
EL 348 98 100 100 1
ST
25 0.3
RP 3
KP 49 125 0
KW 255 25 0
EL 350 100 100 100 1
ST
26 0.3
RP 3
KP 49 126 0
KW 255 26 0
EL 352 102 100 100 1
ST
27 0.3
RP 3
KP 49 127 0
KW 255 27 0
EL 354 104 100 100 1
ST
28 0.3
RP 3
KP 49 128 0
KW 255 28 0
EL 356 106 100 100 1
ST
29 0.3
RP 3
KP 49 129 0
KW 255 29 0
EL 358 108 100 100 1
ST
30 0.3
RP 3
KP 49 130 0
KW 255 30 0
EL 360 110 100 100 1
ST
31 0.3
RP 3
KP 49 131 0
KW 255 31 0
EL 362 112 100 100 1
ST
32 0.3
RP 3
KP 49 132 0
KW 255 32 0
EL 364 114 100 100 1
ST
33 0.3
RP 3
KP 49 133 0
KW 255 33 0
EL 366 116 100 100 1
ST
34 0.3
RP 3
KP 49 134 0
KW 255 34 0
EL 368 118 100 100 1
ST
35 0.3
RP 3
KP 49 135 0
KW 255 35 0
EL 370 120 100 100 1
ST
36 0.3
RP 3
KP 49 136 0
KW 255 36 0
EL 372 122 100 100 1
ST
37 0.3
RP 3
KP 49 137 0
KW 255 37 0
EL 374 124 100 100 1
ST
38 0.3
RP 3
KP 49 138 0
KW 255 38 0
EL 376 126 100 100 1
ST
39 0.3
RP 3
KP 49 139 0
KW 255 39 0
EL 378 128 100 100 1
ST
40 0.3
RP 3
KP 49 140 0
KW 255 40 0
EL 380 130 100 100 1
ST
41 0.3
RP 3
KP 49 141 0
KW 255 41 0
EL 382 132 100 100 1
ST
42 0.3
RP 3
KP 49 142 0
KW 255 42 0
EL 384 134 100 100 1
ST
43 0.3
RP 3
KP 49 143 0
KW 255 43 0
EL 386 136 100 100 1
ST
44 0.3
RP 3
KP 49 144 0
KW 255 44 0
EL 388 138 100 100 1
ST
45 0.3
RP 3
KP 49 145 0
KW 255 45 0
EL 390 140 100 100 1
ST
46 0.3
RP 3
KP 49 146 0
KW 255 46 0
EL 392 142 100 100 1
ST
47 0.3
RP 3
KP 49 147 0
KW 255 47 0
EL 394 144 100 100 1
ST
48 0.3
RP 3
KP 49 148 0
KW 255 48 0
EL 396 146 100 100 1
ST
49 0.3
RP 3
KP 49 149 0
KW 255 49 0
EL 398 148 100 100 1
ST
50 0.3
RP 3
KP 49 150 0
KW 255 50 0
EL 400 150 100 100 1
ST
51 0.3
RP 3
KP 49 151 0
KW 255 51 0
EL 402 152 100 100 1
ST
52 0.3
RP 3
KP 49 152 0
KW 255 52 0
EL 404 154 100 100 1
ST
53 0.3
RP 3
KP 49 153 0
KW 255 53 0
EL 406 156 100 100 1
ST
54 0.3
RP 3
KP 49 154 0
KW 255 54 0
EL 408 158 100 100 1
ST
55 0.3
RP 3
KP 49 155 0
KW 255 55 0
EL 410 160 100 100 1
ST
56 0.3
RP 3
KP 49 156 0
KW 255 56 0
EL 412 162 100 100 1
ST
57 0.3
RP 3
KP 49 157 0
KW 255 57 0
EL 414 164 100 100 1
ST
58 0.3
RP 3
KP 49 158 0
KW 255 58 0
EL 416 166 100 100 1
ST
59 0.3
RP 3
KP 49 159 0
KW 255 59 0
EL 418 168 100 100 1
ST
60 0.3
RP 3
KP 49 160 0
KW 255 60 0
EL 420 170 100 100 1
ST
61 0.3
RP 3
KP 49 161 0
KW 255 61 0
EL 422 172 100 100 1
ST
62 0.3
RP 3
KP 49 162 0
KW 255 62 0
EL 424 174 100 100 1
ST
63 0.3
RP 3
KP 49 163 0
KW 255 63 0
EL 426 176 100 100 1
ST
64 0.3
RP 3
KP 49 164 0
KW 255 64 0
EL 428 178 100 100 1
ST
65 0.3
RP 3
KP 49 165 0
KW 255 65 0
EL 430 180 100 100 1
ST
66 0.3
RP 3
KP 49 166 0
KW 255 66 0
EL 432 182 100 100 1
ST
67 0.3
RP 3
KP 49 167 0
KW 255 67 0
EL 434 184 100 100 1
ST
68 0.3
RP 3
KP 49 168 0
KW 255 68 0
EL 436 186 100 100 1
ST
69 0.3
RP 3
KP 49 169 0
KW 255 69 0
EL 438 188 100 100 1
ST
70 0.3
RP 3
KP 49 170 0
KW 255 70 0
EL 440 190 100 100 1
ST
71 0.3
RP 3
KP 49 171 0
KW 255 71 0
EL 442 192 100 100 1
ST
72 0.3
RP 3
KP 49 172 0
KW 255 72 0
EL 444 194 100 100 1
ST
73 0.3
RP 3
KP 49 173 0
KW 255 73 0
EL 446 196 100 100 1
ST
74 0.3
RP 3
KP 49 174 0
KW 255 74 0
EL 448 198 100 100 1
ST
75 0.3
RP 3
KP 49 175 0
KW 255 75 0
EL 450 200 100 100 1
ST
76 0.3
RP 3
KP 49 176 0
KW 255 76 0
EL 452 202 100 100 1
ST
77 0.3
RP 3
KP 49 177 0
KW 255 77 0
EL 454 204 100 100 1
ST
78 0.3
RP 3
KP 49 178 0
KW 255 78 0
EL 456 206 100 100 1
ST
79 0.3
RP 3
KP 49 179 0
KW 255 79 0
EL 458 208 100 100 1
ST
80 0.3
RP 3
KP 49 180 0
KW 255 80 0
EL 460 210 100 100 1
ST
81 0.3
RP 3
KP 49 181 0
KW 255 81 0
EL 462 212 100 100 1
ST
82 0.3
RP 3
KP 49 182 0
KW 255 82 0
EL 464 214 100 100 1
ST
83 0.3
RP 3
KP 49 183 0
KW 255 83 0
EL 466 216 100 100 1
ST
84 0.3
RP 3
KP 49 184 0
KW 255 84 0
EL 468 218 100 100 1
ST
85 0.3
RP 3
KP 49 185 0
KW 255 85 0
EL 470 220 100 100 1
ST
86 0.3
RP 3
KP 49 186 0
KW 255 86 0
EL 472 222 100 100 1
ST
87 0.3
RP 3
KP 49 187 0
KW 255 87 0
EL 474 224 100 100 1
ST
88 0.3
RP 3
KP 49 188 0
KW 255 88 0
EL 476 226 100 100 1
ST
89 0.3
RP 3
KP 49 189 0
KW 255 89 0
EL 478 228 100 100 1
ST
90 0.3
RP 3
KP 49 190 0
KW 255 90 0
EL 480 230 100 100 1
ST
91 0.3
RP 3
KP 49 191 0
KW 255 91 0
EL 482 232 100 100 1
ST
92 0.3
RP 3
KP 49 192 0
KW 255 92 0
EL 484 234 100 100 1
ST
93 0.3
RP 3
KP 49 193 0
KW 255 93 0
EL 486 236 100 100 1
ST
94 0.3
RP 3
KP 49 194 0
KW 255 94 0
EL 488 238 100 100 1
ST
95 0.3
RP 3
KP 49 195 0
KW 255 95 0
EL 490 240 100 100 1
ST
96 0.3
RP 3
KP 49 196 0
KW 255 96 0
EL 492 242 100 100 1
ST
97 0.3
RP 3
KP 49 197 0
KW 255 97 0
EL 494 244 100 100 1
ST
98 0.3
RP 3
KP 49 198 0
KW 255 98 0
EL 496 246 100 100 1
ST
99 0.3
RP 3
KP 49 199 0
KW 255 99 0
EL 498 248 100 100 1
ST
100 0.3
RP 3
KP 49 200 0
KW 255 100 0
EL 500 250 100 100 1
ST
101 0.3
RP 3
KP 49 201 0
KW 255 101 0
EL 502 252 100 100 1
ST
102 0.3
RP 3
KP 49 202 0
KW 255 102 0
EL 504 254 100 100 1
ST
103 0.3
RP 3
KP 49 203 0
KW 255 103 0
EL 506 256 100 100 1
ST
104 0.3
RP 3
KP 49 204 0
KW 255 104 0
EL 508 258 100 100 1
ST
105 0.3
RP 3
KP 49 205 0
KW 255 105 0
EL 510 260 100 100 1
ST
106 0.3
RP 3
KP 49 206 0
KW 255 106 0
EL 512 262 100 100 1
ST
107 0.3
RP 3
KP 49 207 0
KW 255 107 0
EL 514 264 100 100 1
ST
108 0.3
RP 3
KP 49 208 0
KW 255 108 0
EL 516 266 100 100 1
ST
109 0.3
RP 3
KP 49 209 0
KW 255 109 0
EL 518 268 100 100 1
ST
110 0.3
RP 3
KP 49 210 0
KW 255 110 0
EL 520 270 100 100 1
ST
111 0.3
RP 3
KP 49 211 0
KW 255 111 0
EL 522 272 100 100 1
ST
112 0.3
RP 3
KP 49 212 0
KW 255 112 0
EL 524 274 100 100 1
ST
113 0.3
RP 3
KP 49 213 0
KW 255 113 0
EL 526 276 100 100 1
ST
114 0.3
RP 3
KP 49 214 0
KW 255 114 0
EL 528 278 100 100 1
ST
115 0.3
RP 3
KP 49 215 0
KW 255 115 0
EL 530 280 100 100 1
ST
116 0.3
RP 3
KP 49 216 0
KW 255 116 0
EL 532 282 100 100 1
ST
117 0.3
RP 3
KP 49 217 0
KW 255 117 0
EL 534 284 100 100 1
ST
118 0.3
RP 3
KP 49 218 0
KW 255 118 0
EL 536 286 100 100 1
ST
119 0.3
RP 3
KP 49 219 0
KW 255 119 0
EL 538 288 100 100 1
ST
120 0.3
RP 3
KP 49 220 0
KW 255 120 0
EL 540 290 100 100 1
ST
121 0.3
RP 3
KP 49 221 0
KW 255 121 0
EL 542 292 100 100 1
ST
122 0.3
RP 3
KP 49 222 0
KW 255 122 0
EL 544 294 100 100 1
ST
123 0.3
RP 3
KP 49 223 0
KW 255 123 0
EL 546 296 100 100 1
ST
124 0.3
RP 3
KP 49 224 0
KW 255 124 0
EL 548 298 100 100 1
ST
125 0.3
RP 3
KP 49 225 0
KW 255 125 0
EL 550 300 100 100 1
ST
126 0.3
RP 3
KP 49 226 0
KW 255 126 0
EL 552 302 100 100 1
ST
127 0.3
RP 3
KP 49 227 0
KW 255 127 0
EL 554 304 100 100 1
ST
128 0.3
RP 3
KP 49 228 0
KW 255 128 0
EL 556 306 100 100 1
ST
129 0.3
RP 3
KP 49 229 0
KW 255 129 0
EL 558 308 100 100 1
ST
130 0.3
RP 3
KP 49 230 0
KW 255 130 0
EL 560 310 100 100 1
ST
131 0.3
RP 3
KP 49 231 0
KW 255 131 0
EL 562 312 100 100 1
ST
132 0.3
RP 3
KP 49 232 0
KW 255 132 0
EL 564 314 100 100 1
ST
133 0.3
RP 3
KP 49 233 0
KW 255 133 0
EL 566 316 100 100 1
ST
134 0.3
RP 3
KP 49 234 0
KW 255 134 0
EL 568 318 100 100 1
ST
135 0.3
RP 3
KP 49 235 0
KW 255 135 0
EL 570 320 100 100 1
ST
136 0.3
RP 3
KP 49 236 0
KW 255 136 0
EL 572 322 100 100 1
ST
137 0.3
RP 3
KP 49 237 0
KW 255 137 0
EL 574 324 100 100 1
ST
138 0.3
RP 3
KP 49 238 0
KW 255 138 0
EL 576 326 100 100 1
ST
139 0.3
RP 3
KP 49 239 0
KW 255 139 0
EL 578 328 100 100 1
ST
140 0.3
RP 3
KP 49 240 0
KW 255 140 0
EL 580 330 100 100 1
ST
141 0.3
RP 3
KP 49 241 0
KW 255 141 0
EL 582 332 100 100 1
ST
142 0.3
RP 3
KP 49 242 0
KW 255 142 0
EL 584 334 100 100 1
ST
143 0.3
RP 3
KP 49 243 0
KW 255 143 0
EL 586 336 100 100 1
ST
144 0.3
RP 3
KP 49 244 0
KW 255 144 0
EL 588 338 100 100 1
ST
145 0.3
RP 3
KP 49 245 0
KW 255 145 0
EL 590 340 100 100 1
ST
146 0.3
RP 3
KP 49 246 0
KW 255 146 0
EL 592 342 100 100 1
ST
147 0.3
RP 3
KP 49 247 0
KW 255 147 0
EL 594 344 100 100 1
ST
148 0.3
RP 3
KP 49 248 0
KW 255 148 0
EL 596 346 100 100 1
ST
149 0.3
RP 3
KP 49 249 0
KW 255 149 0
EL 598 348 100 100 1
ST
150 0.3
RP 3
KP 49 250 0
KW 255 150 0
EL 600 350 100 100 1
ST
151 0.3
RP 3
KP 49 251 0
KW 255 151 0
EL 602 352 100 100 1
ST
152 0.3
RP 3
KP 49 252 0
KW 255 152 0
EL 604 354 100 100 1
ST
153 0.3
RP 3
KP 49 253 0
KW 255 153 0
EL 606 356 100 100 1
ST
154 0.3
RP 3
KP 49 254 0
KW 255 154 0
EL 608 358 100 100 1
ST
155 0.3
RP 3
KP 49 255 0
KW 255 155 0
EL 610 360 100 100 1
ST
156 0.3
RP 3
KP 49 0 0
KW 255 156 0
EL 612 362 100 100 1
ST
157 0.3
RP 3
KP 49 1 0
KW 255 157 0
EL 614 364 100 100 1
ST
158 0.3
RP 3
KP 49 2 0
KW 255 158 0
EL 616 366 100 100 1
ST
159 0.3
RP 3
KP 49 3 0
KW 255 159 0
EL 618 368 100 100 1
ST
160 0.3
RP 3
KP 49 4 0
KW 255 160 0
EL 620 370 100 100 1
ST
161 0.3
RP 3
KP 49 5 0
KW 255 161 0
EL 622 372 100 100 1
ST
162 0.3
RP 3
KP 49 6 0
KW 255 162 0
EL 624 374 100 100 1
ST
163 0.3
RP 3
KP 49 7 0
KW 255 163 0
EL 626 376 100 100 1
ST
164 0.3
RP 3
KP 49 8 0
KW 255 164 0
EL 628 378 100 100 1
ST
165 0.3
RP 3
KP 49 9 0
KW 255 165 0
EL 630 380 100 100 1
ST
166 0.3
RP 3
KP 49 10 0
KW 255 166 0
EL 632 382 100 100 1
ST
167 0.3
RP 3
KP 49 11 0
KW 255 167 0
EL 634 384 100 100 1
ST
168 0.3
RP 3
KP 49 12 0
KW 255 168 0
EL 636 386 100 100 1
ST
169 0.3
RP 3
KP 49 13 0
KW 255 169 0
EL 638 388 100 100 1
ST
170 0.3
RP 3
KP 49 14 0
KW 255 170 0
EL 640 390 100 100 1
ST
171 0.3
RP 3
KP 49 15 0
KW 255 171 0
EL 642 392 100 100 1
ST
172 0.3
RP 3
KP 49 16 0
KW 255 172 0
EL 644 394 100 100 1
ST
173 0.3
RP 3
KP 49 17 0
KW 255 173 0
EL 646 396 100 100 1
ST
174 0.3
RP 3
KP 49 18 0
KW 255 174 0
EL 648 398 100 100 1
ST
175 0.3
RP 3
KP 49 19 0
KW 255 175 0
EL 650 400 100 100 1
ST
176 0.3
RP 3
KP 49 20 0
KW 255 176 0
EL 652 402 100 100 1
ST
177 0.3
RP 3
KP 49 21 0
KW 255 177 0
EL 654 404 100 100 1
ST
178 0.3
RP 3
KP 49 22 0
KW 255 178 0
EL 656 406 100 100 1
ST
179 0.3
RP 3
KP 49 23 0
KW 255 179 0
EL 658 408 100 100 1
ST
180 0.3
RP 3
KP 49 24 0
KW 255 180 0
EL 660 410 100 100 1
ST
181 0.3
RP 3
KP 49 25 0
KW 255 181 0
EL 662 412 100 100 1
ST
182 0.3
RP 3
KP 49 26 0
KW 255 182 0
EL 664 414 100 100 1
ST
183 0.3
RP 3
KP 49 27 0
KW 255 183 0
EL 666 416 100 100 1
ST
184 0.3
RP 3
KP 49 28 0
KW 255 184 0
EL 668 418 100 100 1
ST
185 0.3
RP 3
KP 49 29 0
KW 255 185 0
EL 670 420 100 100 1
ST
186 0.3
RP 3
KP 49 30 0
KW 255 186 0
EL 672 422 100 100 1
ST
187 0.3
RP 3
KP 49 31 0
KW 255 187 0
EL 674 424 100 100 1
ST
188 0.3
RP 3
KP 49 32 0
KW 255 188 0
EL 676 426 100 100 1
ST
189 0.3
RP 3
KP 49 33 0
KW 255 189 0
EL 678 428 100 100 1
ST
190 0.3
RP 3
KP 49 34 0
KW 255 190 0
EL 680 430 100 100 1
ST
191 0.3
RP 3
KP 49 35 0
KW 255 191 0
EL 682 432 100 100 1
ST
192 0.3
RP 3
KP 49 36 0
KW 255 192 0
EL 684 434 100 100 1
ST
193 0.3
RP 3
KP 49 37 0
KW 255 193 0
EL 686 436 100 100 1
ST
194 0.3
RP 3
KP 49 38 0
KW 255 194 0
EL 688 438 100 100 1
ST
195 0.3
RP 3
KP 49 39 0
KW 255 195 0
EL 690 440 100 100 1
ST
196 0.3
RP 3
KP 49 40 0
KW 255 196 0
EL 692 442 100 100 1
ST
197 0.3
RP 3
KP 49 41 0
KW 255 197 0
EL 694 444 100 100 1
ST
198 0.3
RP 3
KP 49 42 0
KW 255 198 0
EL 696 446 100 100 1
ST
199 0.3
RP 3
KP 49 43 0
KW 255 199 0
EL 698 448 100 100 1
ST
200 0.3
RP 3
KP 49 44 0
KW 255 200 0
EL 700 450 100 100 1
ST
201 0.3
RP 3
KP 49 45 0
KW 255 201 0
EL 702 452 100 100 1
ST
202 0.3
RP 3
KP 49 46 0
KW 255 202 0
EL 700 454 100 100 1
ST
203 0.3
RP 3
KP 49 47 0
KW 255 203 0
EL 698 456 100 100 1
ST
204 0.3
RP 3
KP 49 48 0
KW 255 204 0
EL 696 458 100 100 1
ST
205 0.3
RP 3
KP 49 49 0
KW 255 205 0
EL 694 460 100 100 1
ST
206 0.3
RP 3
KP 49 50 0
KW 255 206 0
EL 692 462 100 100 1
ST
207 0.3
RP 3
KP 49 51 0
KW 255 207 0
EL 690 464 100 100 1
ST
208 0.3
RP 3
KP 49 52 0
KW 255 208 0
EL 688 466 100 100 1
ST
209 0.3
RP 3
KP 49 53 0
KW 255 209 0
EL 686 468 100 100 1
ST
210 0.3
RP 3
KP 49 54 0
KW 255 210 0
EL 684 470 100 100 1
ST
211 0.3
RP 3
KP 49 55 0
KW 255 211 0
EL 682 472 100 100 1
ST
212 0.3
RP 3
KP 49 56 0
KW 255 212 0
EL 680 474 100 100 1
ST
213 0.3
RP 3
KP 49 57 0
KW 255 213 0
EL 678 476 100 100 1
ST
214 0.3
RP 3
KP 49 58 0
KW 255 214 0
EL 676 478 100 100 1
ST
215 0.3
RP 3
KP 49 59 0
KW 255 215 0
EL 674 480 100 100 1
ST
216 0.3
RP 3
KP 49 60 0
KW 255 216 0
EL 672 482 100 100 1
ST
217 0.3
RP 3
KP 49 61 0
KW 255 217 0
EL 670 484 100 100 1
ST
218 0.3
RP 3
KP 49 62 0
KW 255 218 0
EL 668 486 100 100 1
ST
219 0.3
RP 3
KP 49 63 0
KW 255 219 0
EL 666 488 100 100 1
ST
220 0.3
RP 3
KP 49 64 0
KW 255 220 0
EL 664 490 100 100 1
ST
221 0.3
RP 3
KP 49 65 0
KW 255 221 0
EL 662 492 100 100 1
ST
222 0.3
RP 3
KP 49 66 0
KW 255 222 0
EL 660 494 100 100 1
ST
223 0.3
RP 3
KP 49 67 0
KW 255 223 0
EL 658 496 100 100 1
ST
224 0.3
RP 3
KP 49 68 0
KW 255 224 0
EL 656 498 100 100 1
ST
225 0.3
RP 3
KP 49 69 0
KW 255 225 0
EL 654 500 100 100 1
ST
226 0.3
RP 3
KP 49 70 0
KW 255 226 0
EL 652 502 100 100 1
ST
227 0.3
RP 3
KP 49 71 0
KW 255 227 0
EL 650 500 100 100 1
ST
228 0.3
RP 3
KP 49 72 0
KW 255 228 0
EL 648 498 100 100 1
ST
229 0.3
RP 3
KP 49 73 0
KW 255 229 0
EL 646 496 100 100 1
ST
230 0.3
RP 3
KP 49 74 0
KW 255 230 0
EL 644 494 100 100 1
ST
231 0.3
RP 3
KP 49 75 0
KW 255 231 0
EL 642 492 100 100 1
ST
232 0.3
RP 3
KP 49 76 0
KW 255 232 0
EL 640 490 100 100 1
ST
233 0.3
RP 3
KP 49 77 0
KW 255 233 0
EL 638 488 100 100 1
ST
234 0.3
RP 3
KP 49 78 0
KW 255 234 0
EL 636 486 100 100 1
ST
235 0.3
RP 3
KP 49 79 0
KW 255 235 0
EL 634 484 100 100 1
ST
236 0.3
RP 3
KP 49 80 0
KW 255 236 0
EL 632 482 100 100 1
ST
237 0.3
RP 3
KP 49 81 0
KW 255 237 0
EL 630 480 100 100 1
ST
238 0.3
RP 3
KP 49 82 0
KW 255 238 0
EL 628 478 100 100 1
ST
239 0.3
RP 3
KP 49 83 0
KW 255 239 0
EL 626 476 100 100 1
ST
240 0.3
RP 3
KP 49 84 0
KW 255 240 0
EL 624 474 100 100 1
ST
241 0.3
RP 3
KP 49 85 0
KW 255 241 0
EL 622 472 100 100 1
ST
242 0.3
RP 3
KP 49 86 0
KW 255 242 0
EL 620 470 100 100 1
ST
243 0.3
RP 3
KP 49 87 0
KW 255 243 0
EL 618 468 100 100 1
ST
244 0.3
RP 3
KP 49 88 0
KW 255 244 0
EL 616 466 100 100 1
ST
245 0.3
RP 3
KP 49 89 0
KW 255 245 0
EL 614 464 100 100 1
ST
246 0.3
RP 3
KP 49 90 0
KW 255 246 0
EL 612 462 100 100 1
ST
247 0.3
RP 3
KP 49 91 0
KW 255 247 0
EL 610 460 100 100 1
ST
248 0.3
RP 3
KP 49 92 0
KW 255 248 0
EL 608 458 100 100 1
ST
249 0.3
RP 3
KP 49 93 0
KW 255 249 0
EL 606 456 100 100 1
ST
250 0.3
RP 3
KP 49 94 0
KW 255 250 0
EL 604 454 100 100 1
ST
251 0.3
RP 3
KP 49 95 0
KW 255 251 0
EL 602 452 100 100 1
ST
252 0.3
RP 3
KP 49 96 0
KW 255 252 0
EL 600 450 100 100 1
ST
253 0.3
RP 3
KP 49 97 0
KW 255 253 0
EL 598 448 100 100 1
ST
254 0.3
RP 3
KP 49 98 0
KW 255 254 0
EL 596 446 100 100 1
ST
255 0.3
RP 3
KP 48 99 0
KW 254 255 0
EL 594 444 100 100 1
ST
256 0.3
RP 3
KP 47 99 0
KW 253 255 0
EL 592 442 100 100 1
ST
257 0.3
RP 3
KP 46 99 0
KW 252 255 0
EL 590 440 100 100 1
ST
258 0.3
RP 3
KP 45 99 0
KW 251 255 0
EL 588 438 100 100 1
ST
259 0.3
RP 3
KP 44 99 0
KW 250 255 0
EL 586 436 100 100 1
ST
260 0.3
RP 3
KP 43 99 0
KW 249 255 0
EL 584 434 100 100 1
ST
261 0.3
RP 3
KP 42 99 0
KW 248 255 0
EL 582 432 100 100 1
ST
262 0.3
RP 3
KP 41 99 0
KW 247 255 0
EL 580 430 100 100 1
ST
263 0.3
RP 3
KP 40 99 0
KW 246 255 0
EL 578 428 100 100 1
ST
264 0.3
RP 3
KP 39 99 0
KW 245 255 0
EL 576 426 100 100 1
ST
265 0.3
RP 3
KP 38 99 0
KW 244 255 0
EL 574 424 100 100 1
ST
266 0.3
RP 3
KP 37 99 0
KW 243 255 0
EL 572 422 100 100 1
ST
267 0.3
RP 3
KP 36 99 0
KW 242 255 0
EL 570 420 100 100 1
ST
268 0.3
RP 3
KP 35 99 0
KW 241 255 0
EL 568 418 100 100 1
ST
269 0.3
RP 3
KP 34 99 0
KW 240 255 0
EL 566 416 100 100 1
ST
270 0.3
RP 3
KP 33 99 0
KW 239 255 0
EL 564 414 100 100 1
ST
271 0.3
RP 3
KP 32 99 0
KW 238 255 0
EL 562 412 100 100 1
ST
272 0.3
RP 3
KP 31 99 0
KW 237 255 0
EL 560 410 100 100 1
ST
273 0.3
RP 3
KP 30 99 0
KW 236 255 0
EL 558 408 100 100 1
ST
274 0.3
RP 3
KP 29 99 0
KW 235 255 0
EL 556 406 100 100 1
ST
275 0.3
RP 3
KP 28 99 0
KW 234 255 0
EL 554 404 100 100 1
ST
276 0.3
RP 3
KP 27 99 0
KW 233 255 0
EL 552 402 100 100 1
ST
277 0.3
RP 3
KP 26 99 0
KW 232 255 0
EL 550 400 100 100 1
ST
278 0.3
RP 3
KP 25 99 0
KW 231 255 0
EL 548 398 100 100 1
ST
279 0.3
RP 3
KP 24 99 0
KW 230 255 0
EL 546 396 100 100 1
ST
280 0.3
RP 3
KP 23 99 0
KW 229 255 0
EL 544 394 100 100 1
ST
281 0.3
RP 3
KP 22 99 0
KW 228 255 0
EL 542 392 100 100 1
ST
282 0.3
RP 3
KP 21 99 0
KW 227 255 0
EL 540 390 100 100 1
ST
283 0.3
RP 3
KP 20 99 0
KW 226 255 0
EL 538 388 100 100 1
ST
284 0.3
RP 3
KP 19 99 0
KW 225 255 0
EL 536 386 100 100 1
ST
285 0.3
RP 3
KP 18 99 0
KW 224 255 0
EL 534 384 100 100 1
ST
286 0.3
RP 3
KP 17 99 0
KW 223 255 0
EL 532 382 100 100 1
ST
287 0.3
RP 3
KP 16 99 0
KW 222 255 0
EL 530 380 100 100 1
ST
288 0.3
RP 3
KP 15 99 0
KW 221 255 0
EL 528 378 100 100 1
ST
289 0.3
RP 3
KP 14 99 0
KW 220 255 0
EL 526 376 100 100 1
ST
290 0.3
RP 3
KP 13 99 0
KW 219 255 0
EL 524 374 100 100 1
ST
291 0.3
RP 3
KP 12 99 0
KW 218 255 0
EL 522 372 100 100 1
ST
292 0.3
RP 3
KP 11 99 0
KW 217 255 0
EL 520 370 100 100 1
ST
293 0.3
RP 3
KP 10 99 0
KW 216 255 0
EL 518 368 100 100 1
ST
294 0.3
RP 3
KP 9 99 0
KW 215 255 0
EL 516 366 100 100 1
ST
295 0.3
RP 3
KP 8 99 0
KW 214 255 0
EL 514 364 100 100 1
ST
296 0.3
RP 3
KP 7 99 0
KW 213 255 0
EL 512 362 100 100 1
ST
297 0.3
RP 3
KP 6 99 0
KW 212 255 0
EL 510 360 100 100 1
ST
298 0.3
RP 3
KP 5 99 0
KW 211 255 0
EL 508 358 100 100 1
ST
299 0.3
RP 3
KP 4 99 0
KW 210 255 0
EL 506 356 100 100 1
ST
300 0.3
RP 3
KP 3 99 0
KW 209 255 0
EL 504 354 100 100 1
ST
301 0.3
RP 3
KP 2 99 0
KW 208 255 0
EL 502 352 100 100 1
ST
302 0.3
RP 3
KP 1 99 0
KW 207 255 0
EL 500 350 100 100 1
ST
303 0.3
RP 3
KP 0 99 0
KW 206 255 0
EL 498 348 100 100 1
ST
304 0.3
RP 3
KP 255 99 0
KW 205 255 0
EL 496 346 100 100 1
ST
305 0.3
RP 3
KP 254 99 0
KW 204 255 0
EL 494 344 100 100 1
ST
306 0.3
RP 3
KP 253 99 0
KW 203 255 0
EL 492 342 100 100 1
ST
307 0.3
RP 3
KP 252 99 0
KW 202 255 0
EL 490 340 100 100 1
ST
308 0.3
RP 3
KP 251 99 0
KW 201 255 0
EL 488 338 100 100 1
ST
309 0.3
RP 3
KP 250 99 0
KW 200 255 0
EL 486 336 100 100 1
ST
310 0.3
RP 3
KP 249 99 0
KW 199 255 0
EL 484 334 100 100 1
ST
311 0.3
RP 3
KP 248 99 0
KW 198 255 0
EL 482 332 100 100 1
ST
312 0.3
RP 3
KP 247 99 0
KW 197 255 0
EL 480 330 100 100 1
ST
313 0.3
RP 3
KP 246 99 0
KW 196 255 0
EL 478 328 100 100 1
ST
314 0.3
RP 3
KP 245 99 0
KW 195 255 0
EL 476 326 100 100 1
ST
315 0.3
RP 3
KP 244 99 0
KW 194 255 0
EL 474 324 100 100 1
ST
316 0.3
RP 3
KP 243 99 0
KW 193 255 0
EL 472 322 100 100 1
ST
317 0.3
RP 3
KP 242 99 0
KW 192 255 0
EL 470 320 100 100 1
ST
318 0.3
RP 3
KP 241 99 0
KW 191 255 0
EL 468 318 100 100 1
ST
319 0.3
RP 3
KP 240 99 0
KW 190 255 0
EL 466 316 100 100 1
ST
320 0.3
RP 3
KP 239 99 0
KW 189 255 0
EL 464 314 100 100 1
ST
321 0.3
RP 3
KP 238 99 0
KW 188 255 0
EL 462 312 100 100 1
ST
322 0.3
RP 3
KP 237 99 0
KW 187 255 0
EL 460 310 100 100 1
ST
323 0.3
RP 3
KP 236 99 0
KW 186 255 0
EL 458 308 100 100 1
ST
324 0.3
RP 3
KP 235 99 0
KW 185 255 0
EL 456 306 100 100 1
ST
325 0.3
RP 3
KP 234 99 0
KW 184 255 0
EL 454 304 100 100 1
ST
326 0.3
RP 3
KP 233 99 0
KW 183 255 0
EL 452 302 100 100 1
ST
327 0.3
RP 3
KP 232 99 0
KW 182 255 0
EL 450 300 100 100 1
ST
328 0.3
RP 3
KP 231 99 0
KW 181 255 0
EL 448 298 100 100 1
ST
329 0.3
RP 3
KP 230 99 0
KW 180 255 0
EL 446 296 100 100 1
ST
330 0.3
RP 3
KP 229 99 0
KW 179 255 0
EL 444 294 100 100 1
ST
331 0.3
RP 3
KP 228 99 0
KW 178 255 0
EL 442 292 100 100 1
ST
332 0.3
RP 3
KP 227 99 0
KW 177 255 0
EL 440 290 100 100 1
ST
333 0.3
RP 3
KP 226 99 0
KW 176 255 0
EL 438 288 100 100 1
ST
334 0.3
RP 3
KP 225 99 0
KW 175 255 0
EL 436 286 100 100 1
ST
335 0.3
RP 3
KP 224 99 0
KW 174 255 0
EL 434 284 100 100 1
ST
336 0.3
RP 3
KP 223 99 0
KW 173 255 0
EL 432 282 100 100 1
ST
337 0.3
RP 3
KP 222 99 0
KW 172 255 0
EL 430 280 100 100 1
ST
338 0.3
RP 3
KP 221 99 0
KW 171 255 0
EL 428 278 100 100 1
ST
339 0.3
RP 3
KP 220 99 0
KW 170 255 0
EL 426 276 100 100 1
ST
340 0.3
RP 3
KP 219 99 0
KW 169 255 0
EL 424 274 100 100 1
ST
341 0.3
RP 3
KP 218 99 0
KW 168 255 0
EL 422 272 100 100 1
ST
342 0.3
RP 3
KP 217 99 0
KW 167 255 0
EL 420 270 100 100 1
ST
343 0.3
RP 3
KP 216 99 0
KW 166 255 0
EL 418 268 100 100 1
ST
344 0.3
RP 3
KP 215 99 0
KW 165 255 0
EL 416 266 100 100 1
ST
345 0.3
RP 3
KP 214 99 0
KW 164 255 0
EL 414 264 100 100 1
ST
346 0.3
RP 3
KP 213 99 0
KW 163 255 0
EL 412 262 100 100 1
ST
347 0.3
RP 3
KP 212 99 0
KW 162 255 0
EL 410 260 100 100 1
ST
348 0.3
RP 3
KP 211 99 0
KW 161 255 0
EL 408 258 100 100 1
ST
349 0.3
RP 3
KP 210 99 0
KW 160 255 0
EL 406 256 100 100 1
ST
350 0.3
RP 3
KP 209 99 0
KW 159 255 0
EL 404 254 100 100 1
ST
351 0.3
RP 3
KP 208 99 0
KW 158 255 0
EL 402 252 100 100 1
ST
352 0.3
RP 3
KP 207 99 0
KW 157 255 0
EL 400 250 100 100 1
ST
353 0.3
RP 3
KP 206 99 0
KW 156 255 0
EL 398 248 100 100 1
ST
354 0.3
RP 3
KP 205 99 0
KW 155 255 0
EL 396 246 100 100 1
ST
355 0.3
RP 3
KP 204 99 0
KW 154 255 0
EL 394 244 100 100 1
ST
356 0.3
RP 3
KP 203 99 0
KW 153 255 0
EL 392 242 100 100 1
ST
357 0.3
RP 3
KP 202 99 0
KW 152 255 0
EL 390 240 100 100 1
ST
358 0.3
RP 3
KP 201 99 0
KW 151 255 0
EL 388 238 100 100 1
ST
359 0.3
RP 3
KP 200 99 0
KW 150 255 0
EL 386 236 100 100 1
ST
360 0.3
RP 3
KP 199 99 0
KW 149 255 0
EL 384 234 100 100 1
ST
361 0.3
RP 3
KP 198 99 0
KW 148 255 0
EL 382 232 100 100 1
ST
362 0.3
RP 3
KP 197 99 0
KW 147 255 0
EL 380 230 100 100 1
ST
363 0.3
RP 3
KP 196 99 0
KW 146 255 0
EL 378 228 100 100 1
ST
364 0.3
RP 3
KP 195 99 0
KW 145 255 0
EL 376 226 100 100 1
ST
365 0.3
RP 3
KP 194 99 0
KW 144 255 0
EL 374 224 100 100 1
ST
366 0.3
RP 3
KP 193 99 0
KW 143 255 0
EL 372 222 100 100 1
ST
367 0.3
RP 3
KP 192 99 0
KW 142 255 0
EL 370 220 100 100 1
ST
368 0.3
RP 3
KP 191 99 0
KW 141 255 0
EL 368 218 100 100 1
ST
369 0.3
RP 3
KP 190 99 0
KW 140 255 0
EL 366 216 100 100 1
ST
370 0.3
RP 3
KP 189 99 0
KW 139 255 0
EL 364 214 100 100 1
ST
371 0.3
RP 3
KP 188 99 0
KW 138 255 0
EL 362 212 100 100 1
ST
372 0.3
RP 3
KP 187 99 0
KW 137 255 0
EL 360 210 100 100 1
ST
373 0.3
RP 3
KP 186 99 0
KW 136 255 0
EL 358 208 100 100 1
ST
374 0.3
RP 3
KP 185 99 0
KW 135 255 0
EL 356 206 100 100 1
ST
375 0.3
RP 3
KP 184 99 0
KW 134 255 0
EL 354 204 100 100 1
ST
376 0.3
RP 3
KP 183 99 0
KW 133 255 0
EL 352 202 100 100 1
ST
377 0.3
RP 3
KP 182 99 0
KW 132 255 0
EL 350 200 100 100 1
ST
378 0.3
RP 3
KP 181 99 0
KW 131 255 0
EL 348 198 100 100 1
ST
379 0.3
RP 3
KP 180 99 0
KW 130 255 0
EL 346 196 100 100 1
ST
380 0.3
RP 3
KP 179 99 0
KW 129 255 0
EL 344 194 100 100 1
ST
381 0.3
RP 3
KP 178 99 0
KW 128 255 0
EL 342 192 100 100 1
ST
382 0.3
RP 3
KP 177 99 0
KW 127 255 0
EL 340 190 100 100 1
ST
383 0.3
RP 3
KP 176 99 0
KW 126 255 0
EL 338 188 100 100 1
ST
384 0.3
RP 3
KP 175 99 0
KW 125 255 0
EL 336 186 100 100 1
ST
385 0.3
RP 3
KP 174 99 0
KW 124 255 0
EL 334 184 100 100 1
ST
386 0.3
RP 3
KP 173 99 0
KW 123 255 0
EL 332 182 100 100 1
ST
387 0.3
RP 3
KP 172 99 0
KW 122 255 0
EL 330 180 100 100 1
ST
388 0.3
RP 3
KP 171 99 0
KW 121 255 0
EL 328 178 100 100 1
ST
389 0.3
RP 3
KP 170 99 0
KW 120 255 0
EL 326 176 100 100 1
ST
390 0.3
RP 3
KP 169 99 0
KW 119 255 0
EL 324 174 100 100 1
ST
391 0.3
RP 3
KP 168 99 0
KW 118 255 0
EL 322 172 100 100 1
ST
392 0.3
RP 3
KP 167 99 0
KW 117 255 0
EL 320 170 100 100 1
ST
393 0.3
RP 3
KP 166 99 0
KW 116 255 0
EL 318 168 100 100 1
ST
394 0.3
RP 3
KP 165 99 0
KW 115 255 0
EL 316 166 100 100 1
ST
395 0.3
RP 3
KP 164 99 0
KW 114 255 0
EL 314 164 100 100 1
ST
396 0.3
RP 3
KP 163 99 0
KW 113 255 0
EL 312 162 100 100 1
ST
397 0.3
RP 3
KP 162 99 0
KW 112 255 0
EL 310 160 100 100 1
ST
398 0.3
RP 3
KP 161 99 0
KW 111 255 0
EL 308 158 100 100 1
ST
399 0.3
RP 3
KP 160 99 0
KW 110 255 0
EL 306 156 100 100 1
ST
400 0.3
RP 3
KP 159 99 0
KW 109 255 0
EL 304 154 100 100 1
ST
401 0.3
RP 3
KP 158 99 0
KW 108 255 0
EL 302 152 100 100 1
ST
402 0.3
RP 3
KP 157 99 0
KW 107 255 0
EL 300 150 100 100 1
ST
403 0.3
RP 3
KP 156 99 0
KW 106 255 0
EL 298 148 100 100 1
ST
404 0.3
RP 3
KP 155 99 0
KW 105 255 0
EL 296 146 100 100 1
ST
405 0.3
RP 3
KP 154 99 0
KW 104 255 0
EL 294 144 100 100 1
ST
406 0.3
RP 3
KP 153 99 0
KW 103 255 0
EL 292 142 100 100 1
ST
407 0.3
RP 3
KP 152 99 0
KW 102 255 0
EL 290 140 100 100 1
ST
408 0.3
RP 3
KP 151 99 0
KW 101 255 0
EL 288 138 100 100 1
ST
409 0.3
RP 3
KP 150 99 0
KW 100 255 0
EL 286 136 100 100 1
ST
410 0.3
RP 3
KP 149 99 0
KW 99 255 0
EL 284 134 100 100 1
ST
411 0.3
RP 3
KP 148 99 0
KW 98 255 0
EL 282 132 100 100 1
ST
412 0.3
RP 3
KP 147 99 0
KW 97 255 0
EL 280 130 100 100 1
ST
413 0.3
RP 3
KP 146 99 0
KW 96 255 0
EL 278 128 100 100 1
ST
414 0.3
RP 3
KP 145 99 0
KW 95 255 0
EL 276 126 100 100 1
ST
415 0.3
RP 3
KP 144 99 0
KW 94 255 0
EL 274 124 100 100 1
ST
416 0.3
RP 3
KP 143 99 0
KW 93 255 0
EL 272 122 100 100 1
ST
417 0.3
RP 3
KP 142 99 0
KW 92 255 0
EL 270 120 100 100 1
ST
418 0.3
RP 3
KP 141 99 0
KW 91 255 0
EL 268 118 100 100 1
ST
419 0.3
RP 3
KP 140 99 0
KW 90 255 0
EL 266 116 100 100 1
ST
420 0.3
RP 3
KP 139 99 0
KW 89 255 0
EL 264 114 100 100 1
ST
421 0.3
RP 3
KP 138 99 0
KW 88 255 0
EL 262 112 100 100 1
ST
422 0.3
RP 3
KP 137 99 0
KW 87 255 0
EL 260 110 100 100 1
ST
423 0.3
RP 3
KP 136 99 0
KW 86 255 0
EL 258 108 100 100 1
ST
424 0.3
RP 3
KP 135 99 0
KW 85 255 0
EL 256 106 100 100 1
ST
425 0.3
RP 3
KP 134 99 0
KW 84 255 0
EL 254 104 100 100 1
ST
426 0.3
RP 3
KP 133 99 0
KW 83 255 0
EL 252 102 100 100 1
ST
427 0.3
RP 3
KP 132 99 0
KW 82 255 0
EL 250 100 100 100 1
ST
428 0.3
RP 3
KP 131 99 0
KW 81 255 0
EL 248 98 100 100 1
ST
429 0.3
RP 3
KP 130 99 0
KW 80 255 0
EL 246 96 100 100 1
ST
430 0.3
RP 3
KP 129 99 0
KW 79 255 0
EL 244 94 100 100 1
ST
431 0.3
RP 3
KP 128 99 0
KW 78 255 0
EL 242 92 100 100 1
ST
432 0.3
RP 3
KP 127 99 0
KW 77 255 0
EL 240 90 100 100 1
ST
433 0.3
RP 3
KP 126 99 0
KW 76 255 0
EL 238 88 100 100 1
ST
434 0.3
RP 3
KP 125 99 0
KW 75 255 0
EL 236 86 100 100 1
ST
435 0.3
RP 3
KP 124 99 0
KW 74 255 0
EL 234 84 100 100 1
ST
436 0.3
RP 3
KP 123 99 0
KW 73 255 0
EL 232 82 100 100 1
ST
437 0.3
RP 3
KP 122 99 0
KW 72 255 0
EL 230 80 100 100 1
ST
438 0.3
RP 3
KP 121 99 0
KW 71 255 0
EL 228 78 100 100 1
ST
439 0.3
RP 3
KP 120 99 0
KW 70 255 0
EL 226 76 100 100 1
ST
440 0.3
RP 3
KP 119 99 0
KW 69 255 0
EL 224 74 100 100 1
ST
441 0.3
RP 3
KP 118 99 0
KW 68 255 0
EL 222 72 100 100 1
ST
442 0.3
RP 3
KP 117 99 0
KW 67 255 0
EL 220 70 100 100 1
ST
443 0.3
RP 3
KP 116 99 0
KW 66 255 0
EL 218 68 100 100 1
ST
444 0.3
RP 3
KP 115 99 0
KW 65 255 0
EL 216 66 100 100 1
ST
445 0.3
RP 3
KP 114 99 0
KW 64 255 0
EL 214 64 100 100 1
ST
446 0.3
RP 3
KP 113 99 0
KW 63 255 0
EL 212 62 100 100 1
ST
447 0.3
RP 3
KP 112 99 0
KW 62 255 0
EL 210 60 100 100 1
ST
448 0.3
RP 3
KP 111 99 0
KW 61 255 0
EL 208 58 100 100 1
ST
449 0.3
RP 3
KP 110 99 0
KW 60 255 0
EL 206 56 100 100 1
ST
450 0.3
RP 3
KP 109 99 0
KW 59 255 0
EL 204 54 100 100 1
ST
451 0.3
RP 3
KP 108 99 0
KW 58 255 0
EL 202 52 100 100 1
ST
452 0.3
RP 3
KP 107 99 0
KW 57 255 0
EL 200 50 100 100 1
ST
453 0.3
RP 3
KP 106 99 0
KW 56 255 0
EL 198 48 100 100 1
ST
454 0.3
RP 3
KP 105 99 0
KW 55 255 0
EL 196 46 100 100 1
ST
455 0.3
RP 3
KP 104 99 0
KW 54 255 0
EL 194 44 100 100 1
ST
456 0.3
RP 3
KP 103 99 0
KW 53 255 0
EL 192 42 100 100 1
ST
457 0.3
RP 3
KP 102 99 0
KW 52 255 0
EL 190 40 100 100 1
ST
458 0.3
RP 3
KP 101 99 0
KW 51 255 0
EL 188 38 100 100 1
ST
459 0.3
RP 3
KP 100 99 0
KW 50 255 0
EL 186 36 100 100 1
ST
460 0.3
RP 3
KP 99 99 0
KW 49 255 0
EL 184 34 100 100 1
ST
461 0.3
RP 3
KP 98 99 0
KW 48 255 0
EL 182 32 100 100 1
ST
462 0.3
RP 3
KP 97 99 0
KW 47 255 0
EL 180 30 100 100 1
ST
463 0.3
RP 3
KP 96 99 0
KW 46 255 0
EL 178 28 100 100 1
ST
464 0.3
RP 3
KP 95 99 0
KW 45 255 0
EL 176 26 100 100 1
ST
465 0.3
RP 3
KP 94 99 0
KW 44 255 0
EL 174 24 100 100 1
ST
466 0.3
RP 3
KP 93 99 0
KW 43 255 0
EL 172 22 100 100 1
ST
467 0.3
RP 3
KP 92 99 0
KW 42 255 0
EL 170 20 100 100 1
ST
468 0.3
RP 3
KP 91 99 0
KW 41 255 0
EL 168 18 100 100 1
ST
469 0.3
RP 3
KP 90 99 0
KW 40 255 0
EL 166 16 100 100 1
ST
470 0.3
RP 3
KP 89 99 0
KW 39 255 0
EL 164 14 100 100 1
ST
471 0.3
RP 3
KP 88 99 0
KW 38 255 0
EL 162 12 100 100 1
ST
472 0.3
RP 3
KP 87 99 0
KW 37 255 0
EL 160 10 100 100 1
ST
473 0.3
RP 3
KP 86 99 0
KW 36 255 0
EL 158 8 100 100 1
ST
474 0.3
RP 3
KP 85 99 0
KW 35 255 0
EL 156 6 100 100 1
ST
475 0.3
RP 3
KP 84 99 0
KW 34 255 0
EL 154 4 100 100 1
ST
476 0.3
RP 3
KP 83 99 0
KW 33 255 0
EL 152 2 100 100 1
ST
477 0.3
RP 3
KP 82 99 0
KW 32 255 0
EL 150 0 100 100 1
ST
478 0.3
RP 3
KP 81 99 0
KW 31 255 0
EL 148 -2 100 100 1
ST
479 0.3
RP 3
KP 80 99 0
KW 30 255 0
EL 146 0 100 100 1
ST
480 0.3
RP 3
KP 79 99 0
KW 29 255 0
EL 144 2 100 100 1
ST
481 0.3
RP 3
KP 78 99 0
KW 28 255 0
EL 142 4 100 100 1
ST
482 0.3
RP 3
KP 77 99 0
KW 27 255 0
EL 140 6 100 100 1
ST
483 0.3
RP 3
KP 76 99 0
KW 26 255 0
EL 138 8 100 100 1
ST
484 0.3
RP 3
KP 75 99 0
KW 25 255 0
EL 136 10 100 100 1
ST
485 0.3
RP 3
KP 74 99 0
KW 24 255 0
EL 134 12 100 100 1
ST
486 0.3
RP 3
KP 73 99 0
KW 23 255 0
EL 132 14 100 100 1
ST
487 0.3
RP 3
KP 72 99 0
KW 22 255 0
EL 130 16 100 100 1
ST
488 0.3
RP 3
KP 71 99 0
KW 21 255 0
EL 128 18 100 100 1
ST
489 0.3
RP 3
KP 70 99 0
KW 20 255 0
EL 126 20 100 100 1
ST
490 0.3
RP 3
KP 69 99 0
KW 19 255 0
EL 124 22 100 100 1
ST
491 0.3
RP 3
KP 68 99 0
KW 18 255 0
EL 122 24 100 100 1
ST
492 0.3
RP 3
KP 67 99 0
KW 17 255 0
EL 120 26 100 100 1
ST
493 0.3
RP 3
KP 66 99 0
KW 16 255 0
EL 118 28 100 100 1
ST
494 0.3
RP 3
KP 65 99 0
KW 15 255 0
EL 116 30 100 100 1
ST
495 0.3
RP 3
KP 64 99 0
KW 14 255 0
EL 114 32 100 100 1
ST
496 0.3
RP 3
KP 63 99 0
KW 13 255 0
EL 112 34 100 100 1
ST
497 0.3
RP 3
KP 62 99 0
KW 12 255 0
EL 110 36 100 100 1
ST
498 0.3
RP 3
KP 61 99 0
KW 11 255 0
EL 108 38 100 100 1
ST
499 0.3
RP 3
KP 60 99 0
KW 10 255 0
EL 106 40 100 100 1
ST
500 0.3
RP 3
KP 59 99 0
KW 9 255 0
EL 104 42 100 100 1
ST
501 0.3
RP 3
KP 58 99 0
KW 8 255 0
EL 102 44 100 100 1
ST
502 0.3
RP 3
KP 57 99 0
KW 7 255 0
EL 100 46 100 100 1
ST
503 0.3
RP 3
KP 56 99 0
KW 6 255 0
EL 98 48 100 100 1
ST
504 0.3
RP 3
KP 55 99 0
KW 5 255 0
EL 96 50 100 100 1
ST
505 0.3
RP 3
KP 54 99 0
KW 4 255 0
EL 94 52 100 100 1
ST
506 0.3
RP 3
KP 53 99 0
KW 3 255 0
EL 92 54 100 100 1
ST
507 0.3
RP 3
KP 52 99 0
KW 2 255 0
EL 90 56 100 100 1
ST
508 0.3
RP 3
KP 51 99 0
KW 1 255 0
EL 88 58 100 100 1
ST
509 0.3
RP 3
KP 50 99 1
KW 0 255 1
EL 86 60 100 100 1
ST
510 0.3
RP 3
KP 50 99 2
KW 0 255 2
EL 84 62 100 100 1
ST
511 0.3
RP 3
KP 50 99 3
KW 0 255 3
EL 82 64 100 100 1
ST
512 0.3
RP 3
KP 50 99 4
KW 0 255 4
EL 80 66 100 100 1
ST
513 0.3
RP 3
KP 50 99 5
KW 0 255 5
EL 78 68 100 100 1
ST
514 0.3
RP 3
KP 50 99 6
KW 0 255 6
EL 76 70 100 100 1
ST
515 0.3
RP 3
KP 50 99 7
KW 0 255 7
EL 74 72 100 100 1
ST
516 0.3
RP 3
KP 50 99 8
KW 0 255 8
EL 72 74 100 100 1
ST
517 0.3
RP 3
KP 50 99 9
KW 0 255 9
EL 70 76 100 100 1
ST
518 0.3
RP 3
KP 50 99 10
KW 0 255 10
EL 68 78 100 100 1
ST
519 0.3
RP 3
KP 50 99 11
KW 0 255 11
EL 66 80 100 100 1
ST
520 0.3
RP 3
KP 50 99 12
KW 0 255 12
EL 64 82 100 100 1
ST
521 0.3
RP 3
KP 50 99 13
KW 0 255 13
EL 62 84 100 100 1
ST
522 0.3
RP 3
KP 50 99 14
KW 0 255 14
EL 60 86 100 100 1
ST
523 0.3
RP 3
KP 50 99 15
KW 0 255 15
EL 58 88 100 100 1
ST
524 0.3
RP 3
KP 50 99 16
KW 0 255 16
EL 56 90 100 100 1
ST
525 0.3
RP 3
KP 50 99 17
KW 0 255 17
EL 54 92 100 100 1
ST
526 0.3
RP 3
KP 50 99 18
KW 0 255 18
EL 52 94 100 100 1
ST
527 0.3
RP 3
KP 50 99 19
KW 0 255 19
EL 50 96 100 100 1
ST
528 0.3
RP 3
KP 50 99 20
KW 0 255 20
EL 48 98 100 100 1
ST
529 0.3
RP 3
KP 50 99 21
KW 0 255 21
EL 46 100 100 100 1
ST
530 0.3
RP 3
KP 50 99 22
KW 0 255 22
EL 44 102 100 100 1
ST
531 0.3
RP 3
KP 50 99 23
KW 0 255 23
EL 42 104 100 100 1
ST
532 0.3
RP 3
KP 50 99 24
KW 0 255 24
EL 40 106 100 100 1
ST
533 0.3
RP 3
KP 50 99 25
KW 0 255 25
EL 38 108 100 100 1
ST
534 0.3
RP 3
KP 50 99 26
KW 0 255 26
EL 36 110 100 100 1
ST
535 0.3
RP 3
KP 50 99 27
KW 0 255 27
EL 34 112 100 100 1
ST
536 0.3
RP 3
KP 50 99 28
KW 0 255 28
EL 32 114 100 100 1
ST
537 0.3
RP 3
KP 50 99 29
KW 0 255 29
EL 30 116 100 100 1
ST
538 0.3
RP 3
KP 50 99 30
KW 0 255 30
EL 28 118 100 100 1
ST
539 0.3
RP 3
KP 50 99 31
KW 0 255 31
EL 26 120 100 100 1
ST
540 0.3
RP 3
KP 50 99 32
KW 0 255 32
EL 24 122 100 100 1
ST
541 0.3
RP 3
KP 50 99 33
KW 0 255 33
EL 22 124 100 100 1
ST
542 0.3
RP 3
KP 50 99 34
KW 0 255 34
EL 20 126 100 100 1
ST
543 0.3
RP 3
KP 50 99 35
KW 0 255 35
EL 18 128 100 100 1
ST
544 0.3
RP 3
KP 50 99 36
KW 0 255 36
EL 16 130 100 100 1
ST
545 0.3
RP 3
KP 50 99 37
KW 0 255 37
EL 14 132 100 100 1
ST
546 0.3
RP 3
KP 50 99 38
KW 0 255 38
EL 12 134 100 100 1
ST
547 0.3
RP 3
KP 50 99 39
KW 0 255 39
EL 10 136 100 100 1
ST
548 0.3
RP 3
KP 50 99 40
KW 0 255 40
EL 8 138 100 100 1
ST
549 0.3
RP 3
KP 50 99 41
KW 0 255 41
EL 6 140 100 100 1
ST
550 0.3
RP 3
KP 50 99 42
KW 0 255 42
EL 4 142 100 100 1
ST
551 0.3
RP 3
KP 50 99 43
KW 0 255 43
EL 2 144 100 100 1
ST
552 0.3
RP 3
KP 50 99 44
KW 0 255 44
EL 0 146 100 100 1
ST
553 0.3
RP 3
KP 50 99 45
KW 0 255 45
EL -2 148 100 100 1
ST
554 0.3
RP 3
KP 50 99 46
KW 0 255 46
EL 0 150 100 100 1
ST
555 0.3
RP 3
KP 50 99 47
KW 0 255 47
EL 2 152 100 100 1
ST
556 0.3
RP 3
KP 50 99 48
KW 0 255 48
EL 4 154 100 100 1
ST
557 0.3
RP 3
KP 50 99 49
KW 0 255 49
EL 6 156 100 100 1
ST
558 0.3
RP 3
KP 50 99 50
KW 0 255 50
EL 8 158 100 100 1
ST
559 0.3
RP 3
KP 50 99 51
KW 0 255 51
EL 10 160 100 100 1
ST
560 0.3
RP 3
KP 50 99 52
KW 0 255 52
EL 12 162 100 100 1
ST
561 0.3
RP 3
KP 50 99 53
KW 0 255 53
EL 14 164 100 100 1
ST
562 0.3
RP 3
KP 50 99 54
KW 0 255 54
EL 16 166 100 100 1
ST
563 0.3
RP 3
KP 50 99 55
KW 0 255 55
EL 18 168 100 100 1
ST
564 0.3
RP 3
KP 50 99 56
KW 0 255 56
EL 20 170 100 100 1
ST
565 0.3
RP 3
KP 50 99 57
KW 0 255 57
EL 22 172 100 100 1
ST
566 0.3
RP 3
KP 50 99 58
KW 0 255 58
EL 24 174 100 100 1
ST
567 0.3
RP 3
KP 50 99 59
KW 0 255 59
EL 26 176 100 100 1
ST
568 0.3
RP 3
KP 50 99 60
KW 0 255 60
EL 28 178 100 100 1
ST
569 0.3
RP 3
KP 50 99 61
KW 0 255 61
EL 30 180 100 100 1
ST
570 0.3
RP 3
KP 50 99 62
KW 0 255 62
EL 32 182 100 100 1
ST
571 0.3
RP 3
KP 50 99 63
KW 0 255 63
EL 34 184 100 100 1
ST
572 0.3
RP 3
KP 50 99 64
KW 0 255 64
EL 36 186 100 100 1
ST
573 0.3
RP 3
KP 50 99 65
KW 0 255 65
EL 38 188 100 100 1
ST
574 0.3
RP 3
KP 50 99 66
KW 0 255 66
EL 40 190 100 100 1
ST
575 0.3
RP 3
KP 50 99 67
KW 0 255 67
EL 42 192 100 100 1
ST
576 0.3
RP 3
KP 50 99 68
KW 0 255 68
EL 44 194 100 100 1
ST
577 0.3
RP 3
KP 50 99 69
KW 0 255 69
EL 46 196 100 100 1
ST
578 0.3
RP 3
KP 50 99 70
KW 0 255 70
EL 48 198 100 100 1
ST
579 0.3
RP 3
KP 50 99 71
KW 0 255 71
EL 50 200 100 100 1
ST
580 0.3
RP 3
KP 50 99 72
KW 0 255 72
EL 52 202 100 100 1
ST
581 0.3
RP 3
KP 50 99 73
KW 0 255 73
EL 54 204 100 100 1
ST
582 0.3
RP 3
KP 50 99 74
KW 0 255 74
EL 56 206 100 100 1
ST
583 0.3
RP 3
KP 50 99 75
KW 0 255 75
EL 58 208 100 100 1
ST
584 0.3
RP 3
KP 50 99 76
KW 0 255 76
EL 60 210 100 100 1
ST
585 0.3
RP 3
KP 50 99 77
KW 0 255 77
EL 62 212 100 100 1
ST
586 0.3
RP 3
KP 50 99 78
KW 0 255 78
EL 64 214 100 100 1
ST
587 0.3
RP 3
KP 50 99 79
KW 0 255 79
EL 66 216 100 100 1
ST
588 0.3
RP 3
KP 50 99 80
KW 0 255 80
EL 68 218 100 100 1
ST
589 0.3
RP 3
KP 50 99 81
KW 0 255 81
EL 70 220 100 100 1
ST
590 0.3
RP 3
KP 50 99 82
KW 0 255 82
EL 72 222 100 100 1
ST
591 0.3
RP 3
KP 50 99 83
KW 0 255 83
EL 74 224 100 100 1
ST
592 0.3
RP 3
KP 50 99 84
KW 0 255 84
EL 76 226 100 100 1
ST
593 0.3
RP 3
KP 50 99 85
KW 0 255 85
EL 78 228 100 100 1
ST
594 0.3
RP 3
KP 50 99 86
KW 0 255 86
EL 80 230 100 100 1
ST
595 0.3
RP 3
KP 50 99 87
KW 0 255 87
EL 82 232 100 100 1
ST
596 0.3
RP 3
KP 50 99 88
KW 0 255 88
EL 84 234 100 100 1
ST
597 0.3
RP 3
KP 50 99 89
KW 0 255 89
EL 86 236 100 100 1
ST
598 0.3
RP 3
KP 50 99 90
KW 0 255 90
EL 88 238 100 100 1
ST
599 0.3
RP 3
KP 50 99 91
KW 0 255 91
EL 90 240 100 100 1
ST
600 0.3
RP 3
KP 50 99 92
KW 0 255 92
EL 92 242 100 100 1
ST
601 0.3
RP 3
KP 50 99 93
KW 0 255 93
EL 94 244 100 100 1
ST
602 0.3
RP 3
KP 50 99 94
KW 0 255 94
EL 96 246 100 100 1
ST
603 0.3
RP 3
KP 50 99 95
KW 0 255 95
EL 98 248 100 100 1
ST
604 0.3
RP 3
KP 50 99 96
KW 0 255 96
EL 100 250 100 100 1
ST
605 0.3
RP 3
KP 50 99 97
KW 0 255 97
EL 102 252 100 100 1
ST
606 0.3
RP 3
KP 50 99 98
KW 0 255 98
EL 104 254 100 100 1
ST
607 0.3
RP 3
KP 50 99 99
KW 0 255 99
EL 106 256 100 100 1
ST
608 0.3
RP 3
KP 50 99 100
KW 0 255 100
EL 108 258 100 100 1
ST
609 0.3
RP 3
KP 50 99 101
KW 0 255 101
EL 110 260 100 100 1
ST
610 0.3
RP 3
KP 50 99 102
KW 0 255 102
EL 112 262 100 100 1
ST
611 0.3
RP 3
KP 50 99 103
KW 0 255 103
EL 114 264 100 100 1
ST
612 0.3
RP 3
KP 50 99 104
KW 0 255 104
EL 116 266 100 100 1
ST
613 0.3
RP 3
KP 50 99 105
KW 0 255 105
EL 118 268 100 100 1
ST
614 0.3
RP 3
KP 50 99 106
KW 0 255 106
EL 120 270 100 100 1
ST
615 0.3
RP 3
KP 50 99 107
KW 0 255 107
EL 122 272 100 100 1
ST
616 0.3
RP 3
KP 50 99 108
KW 0 255 108
EL 124 274 100 100 1
ST
617 0.3
RP 3
KP 50 99 109
KW 0 255 109
EL 126 276 100 100 1
ST
618 0.3
RP 3
KP 50 99 110
KW 0 255 110
EL 128 278 100 100 1
ST
619 0.3
RP 3
KP 50 99 111
KW 0 255 111
EL 130 280 100 100 1
ST
620 0.3
RP 3
KP 50 99 112
KW 0 255 112
EL 132 282 100 100 1
ST
621 0.3
RP 3
KP 50 99 113
KW 0 255 113
EL 134 284 100 100 1
ST
622 0.3
RP 3
KP 50 99 114
KW 0 255 114
EL 136 286 100 100 1
ST
623 0.3
RP 3
KP 50 99 115
KW 0 255 115
EL 138 288 100 100 1
ST
624 0.3
RP 3
KP 50 99 116
KW 0 255 116
EL 140 290 100 100 1
ST
625 0.3
RP 3
KP 50 99 117
KW 0 255 117
EL 142 292 100 100 1
ST
626 0.3
RP 3
KP 50 99 118
KW 0 255 118
EL 144 294 100 100 1
ST
627 0.3
RP 3
KP 50 99 119
KW 0 255 119
EL 146 296 100 100 1
ST
628 0.3
RP 3
KP 50 99 120
KW 0 255 120
EL 148 298 100 100 1
ST
629 0.3
RP 3
KP 50 99 121
KW 0 255 121
EL 150 300 100 100 1
ST
630 0.3
RP 3
KP 50 99 122
KW 0 255 122
EL 152 302 100 100 1
ST
631 0.3
RP 3
KP 50 99 123
KW 0 255 123
EL 154 304 100 100 1
ST
632 0.3
RP 3
KP 50 99 124
KW 0 255 124
EL 156 306 100 100 1
ST
633 0.3
RP 3
KP 50 99 125
KW 0 255 125
EL 158 308 100 100 1
ST
634 0.3
RP 3
KP 50 99 126
KW 0 255 126
EL 160 310 100 100 1
ST
635 0.3
RP 3
KP 50 99 127
KW 0 255 127
EL 162 312 100 100 1
ST
636 0.3
RP 3
KP 50 99 128
KW 0 255 128
EL 164 314 100 100 1
ST
637 0.3
RP 3
KP 50 99 129
KW 0 255 129
EL 166 316 100 100 1
ST
638 0.3
RP 3
KP 50 99 130
KW 0 255 130
EL 168 318 100 100 1
ST
639 0.3
RP 3
KP 50 99 131
KW 0 255 131
EL 170 320 100 100 1
ST
640 0.3
RP 3
KP 50 99 132
KW 0 255 132
EL 172 322 100 100 1
ST
641 0.3
RP 3
KP 50 99 133
KW 0 255 133
EL 174 324 100 100 1
ST
642 0.3
RP 3
KP 50 99 134
KW 0 255 134
EL 176 326 100 100 1
ST
643 0.3
RP 3
KP 50 99 135
KW 0 255 135
EL 178 328 100 100 1
ST
644 0.3
RP 3
KP 50 99 136
KW 0 255 136
EL 180 330 100 100 1
ST
645 0.3
RP 3
KP 50 99 137
KW 0 255 137
EL 182 332 100 100 1
ST
646 0.3
RP 3
KP 50 99 138
KW 0 255 138
EL 184 334 100 100 1
ST
647 0.3
RP 3
KP 50 99 139
KW 0 255 139
EL 186 336 100 100 1
ST
648 0.3
RP 3
KP 50 99 140
KW 0 255 140
EL 188 338 100 100 1
ST
649 0.3
RP 3
KP 50 99 141
KW 0 255 141
EL 190 340 100 100 1
ST
650 0.3
RP 3
KP 50 99 142
KW 0 255 142
EL 192 342 100 100 1
ST
651 0.3
RP 3
KP 50 99 143
KW 0 255 143
EL 194 344 100 100 1
ST
652 0.3
RP 3
KP 50 99 144
KW 0 255 144
EL 196 346 100 100 1
ST
653 0.3
RP 3
KP 50 99 145
KW 0 255 145
EL 198 348 100 100 1
ST
654 0.3
RP 3
KP 50 99 146
KW 0 255 146
EL 200 350 100 100 1
ST
655 0.3
RP 3
KP 50 99 147
KW 0 255 147
EL 202 352 100 100 1
ST
656 0.3
RP 3
KP 50 99 148
KW 0 255 148
EL 204 354 100 100 1
ST
657 0.3
RP 3
KP 50 99 149
KW 0 255 149
EL 206 356 100 100 1
ST
658 0.3
RP 3
KP 50 99 150
KW 0 255 150
EL 208 358 100 100 1
ST
659 0.3
RP 3
KP 50 99 151
KW 0 255 151
EL 210 360 100 100 1
ST
660 0.3
RP 3
KP 50 99 152
KW 0 255 152
EL 212 362 100 100 1
ST
661 0.3
RP 3
KP 50 99 153
KW 0 255 153
EL 214 364 100 100 1
ST
662 0.3
RP 3
KP 50 99 154
KW 0 255 154
EL 216 366 100 100 1
ST
663 0.3
RP 3
KP 50 99 155
KW 0 255 155
EL 218 368 100 100 1
ST
664 0.3
RP 3
KP 50 99 156
KW 0 255 156
EL 220 370 100 100 1
ST
665 0.3
RP 3
KP 50 99 157
KW 0 255 157
EL 222 372 100 100 1
ST
666 0.3
RP 3
KP 50 99 158
KW 0 255 158
EL 224 374 100 100 1
ST
667 0.3
RP 3
KP 50 99 159
KW 0 255 159
EL 226 376 100 100 1
ST
668 0.3
RP 3
KP 50 99 160
KW 0 255 160
EL 228 378 100 100 1
ST
669 0.3
RP 3
KP 50 99 161
KW 0 255 161
EL 230 380 100 100 1
ST
670 0.3
RP 3
KP 50 99 162
KW 0 255 162
EL 232 382 100 100 1
ST
671 0.3
RP 3
KP 50 99 163
KW 0 255 163
EL 234 384 100 100 1
ST
672 0.3
RP 3
KP 50 99 164
KW 0 255 164
EL 236 386 100 100 1
ST
673 0.3
RP 3
KP 50 99 165
KW 0 255 165
EL 238 388 100 100 1
ST
674 0.3
RP 3
KP 50 99 166
KW 0 255 166
EL 240 390 100 100 1
ST
675 0.3
RP 3
KP 50 99 167
KW 0 255 167
EL 242 392 100 100 1
ST
676 0.3
RP 3
KP 50 99 168
KW 0 255 168
EL 244 394 100 100 1
ST
677 0.3
RP 3
KP 50 99 169
KW 0 255 169
EL 246 396 100 100 1
ST
678 0.3
RP 3
KP 50 99 170
KW 0 255 170
EL 248 398 100 100 1
ST
679 0.3
RP 3
KP 50 99 171
KW 0 255 171
EL 250 400 100 100 1
ST
680 0.3
RP 3
KP 50 99 172
KW 0 255 172
EL 252 402 100 100 1
ST
681 0.3
RP 3
KP 50 99 173
KW 0 255 173
EL 254 404 100 100 1
ST
682 0.3
RP 3
KP 50 99 174
KW 0 255 174
EL 256 406 100 100 1
ST
683 0.3
RP 3
KP 50 99 175
KW 0 255 175
EL 258 408 100 100 1
ST
684 0.3
RP 3
KP 50 99 176
KW 0 255 176
EL 260 410 100 100 1
ST
685 0.3
RP 3
KP 50 99 177
KW 0 255 177
EL 262 412 100 100 1
ST
686 0.3
RP 3
KP 50 99 178
KW 0 255 178
EL 264 414 100 100 1
ST
687 0.3
RP 3
KP 50 99 179
KW 0 255 179
EL 266 416 100 100 1
ST
688 0.3
RP 3
KP 50 99 180
KW 0 255 180
EL 268 418 100 100 1
ST
689 0.3
RP 3
KP 50 99 181
KW 0 255 181
EL 270 420 100 100 1
ST
690 0.3
RP 3
KP 50 99 182
KW 0 255 182
EL 272 422 100 100 1
ST
691 0.3
RP 3
KP 50 99 183
KW 0 255 183
EL 274 424 100 100 1
ST
692 0.3
RP 3
KP 50 99 184
KW 0 255 184
EL 276 426 100 100 1
ST
693 0.3
RP 3
KP 50 99 185
KW 0 255 185
EL 278 428 100 100 1
ST
694 0.3
RP 3
KP 50 99 186
KW 0 255 186
EL 280 430 100 100 1
ST
695 0.3
RP 3
KP 50 99 187
KW 0 255 187
EL 282 432 100 100 1
ST
696 0.3
RP 3
KP 50 99 188
KW 0 255 188
EL 284 434 100 100 1
ST
697 0.3
RP 3
KP 50 99 189
KW 0 255 189
EL 286 436 100 100 1
ST
698 0.3
RP 3
KP 50 99 190
KW 0 255 190
EL 288 438 100 100 1
ST
699 0.3
RP 3
KP 50 99 191
KW 0 255 191
EL 290 440 100 100 1
ST
700 0.3
RP 3
KP 50 99 192
KW 0 255 192
EL 292 442 100 100 1
ST
701 0.3
RP 3
KP 50 99 193
KW 0 255 193
EL 294 444 100 100 1
ST
702 0.3
RP 3
KP 50 99 194
KW 0 255 194
EL 296 446 100 100 1
ST
703 0.3
RP 3
KP 50 99 195
KW 0 255 195
EL 298 448 100 100 1
ST
704 0.3
RP 3
KP 50 99 196
KW 0 255 196
EL 300 450 100 100 1
ST
705 0.3
RP 3
KP 50 99 197
KW 0 255 197
EL 302 452 100 100 1
ST
706 0.3
RP 3
KP 50 99 198
KW 0 255 198
EL 304 454 100 100 1
ST
707 0.3
RP 3
KP 50 99 199
KW 0 255 199
EL 306 456 100 100 1
ST
708 0.3
RP 3
KP 50 99 200
KW 0 255 200
EL 308 458 100 100 1
ST
709 0.3
RP 3
KP 50 99 201
KW 0 255 201
EL 310 460 100 100 1
ST
710 0.3
RP 3
KP 50 99 202
KW 0 255 202
EL 312 462 100 100 1
ST
711 0.3
RP 3
KP 50 99 203
KW 0 255 203
EL 314 464 100 100 1
ST
712 0.3
RP 3
KP 50 99 204
KW 0 255 204
EL 316 466 100 100 1
ST
713 0.3
RP 3
KP 50 99 205
KW 0 255 205
EL 318 468 100 100 1
ST
714 0.3
RP 3
KP 50 99 206
KW 0 255 206
EL 320 470 100 100 1
ST
715 0.3
RP 3
KP 50 99 207
KW 0 255 207
EL 322 472 100 100 1
ST
716 0.3
RP 3
KP 50 99 208
KW 0 255 208
EL 324 474 100 100 1
ST
717 0.3
RP 3
KP 50 99 209
KW 0 255 209
EL 326 476 100 100 1
ST
718 0.3
RP 3
KP 50 99 210
KW 0 255 210
EL 328 478 100 100 1
ST
719 0.3
RP 3
KP 50 99 211
KW 0 255 211
EL 330 480 100 100 1
ST
720 0.3
RP 3
KP 50 99 212
KW 0 255 212
EL 332 482 100 100 1
ST
721 0.3
RP 3
KP 50 99 213
KW 0 255 213
EL 334 484 100 100 1
ST
722 0.3
RP 3
KP 50 99 214
KW 0 255 214
EL 336 486 100 100 1
ST
723 0.3
RP 3
KP 50 99 215
KW 0 255 215
EL 338 488 100 100 1
ST
724 0.3
RP 3
KP 50 99 216
KW 0 255 216
EL 340 490 100 100 1
ST
725 0.3
RP 3
KP 50 99 217
KW 0 255 217
EL 342 492 100 100 1
ST
726 0.3
RP 3
KP 50 99 218
KW 0 255 218
EL 344 494 100 100 1
ST
727 0.3
RP 3
KP 50 99 219
KW 0 255 219
EL 346 496 100 100 1
ST
728 0.3
RP 3
KP 50 99 220
KW 0 255 220
EL 348 498 100 100 1
ST
729 0.3
RP 3
KP 50 99 221
KW 0 255 221
EL 350 500 100 100 1
ST
730 0.3
RP 3
KP 50 99 222
KW 0 255 222
EL 352 502 100 100 1
ST
731 0.3
RP 3
KP 50 99 223
KW 0 255 223
EL 354 500 100 100 1
ST
732 0.3
RP 3
KP 50 99 224
KW 0 255 224
EL 356 498 100 100 1
ST
733 0.3
RP 3
KP 50 99 225
KW 0 255 225
EL 358 496 100 100 1
ST
734 0.3
RP 3
KP 50 99 226
KW 0 255 226
EL 360 494 100 100 1
ST
735 0.3
RP 3
KP 50 99 227
KW 0 255 227
EL 362 492 100 100 1
ST
736 0.3
RP 3
KP 50 99 228
KW 0 255 228
EL 364 490 100 100 1
ST
737 0.3
RP 3
KP 50 99 229
KW 0 255 229
EL 366 488 100 100 1
ST
738 0.3
RP 3
KP 50 99 230
KW 0 255 230
EL 368 486 100 100 1
ST
739 0.3
RP 3
KP 50 99 231
KW 0 255 231
EL 370 484 100 100 1
ST
740 0.3
RP 3
KP 50 99 232
KW 0 255 232
EL 372 482 100 100 1
ST
741 0.3
RP 3
KP 50 99 233
KW 0 255 233
EL 374 480 100 100 1
ST
742 0.3
RP 3
KP 50 99 234
KW 0 255 234
EL 376 478 100 100 1
ST
743 0.3
RP 3
KP 50 99 235
KW 0 255 235
EL 378 476 100 100 1
ST
744 0.3
RP 3
KP 50 99 236
KW 0 255 236
EL 380 474 100 100 1
ST
745 0.3
RP 3
KP 50 99 237
KW 0 255 237
EL 382 472 100 100 1
ST
746 0.3
RP 3
KP 50 99 238
KW 0 255 238
EL 384 470 100 100 1
ST
747 0.3
RP 3
KP 50 99 239
KW 0 255 239
EL 386 468 100 100 1
ST
748 0.3
RP 3
KP 50 99 240
KW 0 255 240
EL 388 466 100 100 1
ST
749 0.3
RP 3
KP 50 99 241
KW 0 255 241
EL 390 464 100 100 1
ST
750 0.3
RP 3
KP 50 99 242
KW 0 255 242
EL 392 462 100 100 1
ST
751 0.3
RP 3
KP 50 99 243
KW 0 255 243
EL 394 460 100 100 1
ST
752 0.3
RP 3
KP 50 99 244
KW 0 255 244
EL 396 458 100 100 1
ST
753 0.3
RP 3
KP 50 99 245
KW 0 255 245
EL 398 456 100 100 1
ST
754 0.3
RP 3
KP 50 99 246
KW 0 255 246
EL 400 454 100 100 1
ST
755 0.3
RP 3
KP 50 99 247
KW 0 255 247
EL 402 452 100 100 1
ST
756 0.3
RP 3
KP 50 99 248
KW 0 255 248
EL 404 450 100 100 1
ST
757 0.3
RP 3
KP 50 99 249
KW 0 255 249
EL 406 448 100 100 1
ST
758 0.3
RP 3
KP 50 99 250
KW 0 255 250
EL 408 446 100 100 1
ST
759 0.3
RP 3
KP 50 99 251
KW 0 255 251
EL 410 444 100 100 1
ST
760 0.3
RP 3
KP 50 99 252
KW 0 255 252
EL 412 442 100 100 1
ST
761 0.3
RP 3
KP 50 99 253
KW 0 255 253
EL 414 440 100 100 1
ST
762 0.3
RP 3
KP 50 99 254
KW 0 255 254
EL 416 438 100 100 1
ST
763 0.3
RP 3
KP 50 98 255
KW 0 254 255
EL 418 436 100 100 1
ST
764 0.3
RP 3
KP 50 97 255
KW 0 253 255
EL 420 434 100 100 1
ST
765 0.3
RP 3
KP 50 96 255
KW 0 252 255
EL 422 432 100 100 1
ST
766 0.3
RP 3
KP 50 95 255
KW 0 251 255
EL 424 430 100 100 1
ST
767 0.3
RP 3
KP 50 94 255
KW 0 250 255
EL 426 428 100 100 1
ST
768 0.3
RP 3
KP 50 93 255
KW 0 249 255
EL 428 426 100 100 1
ST
769 0.3
RP 3
KP 50 92 255
KW 0 248 255
EL 430 424 100 100 1
ST
770 0.3
RP 3
KP 50 91 255
KW 0 247 255
EL 432 422 100 100 1
ST
771 0.3
RP 3
KP 50 90 255
KW 0 246 255
EL 434 420 100 100 1
ST
772 0.3
RP 3
KP 50 89 255
KW 0 245 255
EL 436 418 100 100 1
ST
773 0.3
RP 3
KP 50 88 255
KW 0 244 255
EL 438 416 100 100 1
ST
774 0.3
RP 3
KP 50 87 255
KW 0 243 255
EL 440 414 100 100 1
ST
775 0.3
RP 3
KP 50 86 255
KW 0 242 255
EL 442 412 100 100 1
ST
776 0.3
RP 3
KP 50 85 255
KW 0 241 255
EL 444 410 100 100 1
ST
777 0.3
RP 3
KP 50 84 255
KW 0 240 255
EL 446 408 100 100 1
ST
778 0.3
RP 3
KP 50 83 255
KW 0 239 255
EL 448 406 100 100 1
ST
779 0.3
RP 3
KP 50 82 255
KW 0 238 255
EL 450 404 100 100 1
ST
780 0.3
RP 3
KP 50 81 255
KW 0 237 255
EL 452 402 100 100 1
ST
781 0.3
RP 3
KP 50 80 255
KW 0 236 255
EL 454 400 100 100 1
ST
782 0.3
RP 3
KP 50 79 255
KW 0 235 255
EL 456 398 100 100 1
ST
783 0.3
RP 3
KP 50 78 255
KW 0 234 255
EL 458 396 100 100 1
ST
784 0.3
RP 3
KP 50 77 255
KW 0 233 255
EL 460 394 100 100 1
ST
785 0.3
RP 3
KP 50 76 255
KW 0 232 255
EL 462 392 100 100 1
ST
786 0.3
RP 3
KP 50 75 255
KW 0 231 255
EL 464 390 100 100 1
ST
787 0.3
RP 3
KP 50 74 255
KW 0 230 255
EL 466 388 100 100 1
ST
788 0.3
RP 3
KP 50 73 255
KW 0 229 255
EL 468 386 100 100 1
ST
789 0.3
RP 3
KP 50 72 255
KW 0 228 255
EL 470 384 100 100 1
ST
790 0.3
RP 3
KP 50 71 255
KW 0 227 255
EL 472 382 100 100 1
ST
791 0.3
RP 3
KP 50 70 255
KW 0 226 255
EL 474 380 100 100 1
ST
792 0.3
RP 3
KP 50 69 255
KW 0 225 255
EL 476 378 100 100 1
ST
793 0.3
RP 3
KP 50 68 255
KW 0 224 255
EL 478 376 100 100 1
ST
794 0.3
RP 3
KP 50 67 255
KW 0 223 255
EL 480 374 100 100 1
ST
795 0.3
RP 3
KP 50 66 255
KW 0 222 255
EL 482 372 100 100 1
ST
796 0.3
RP 3
KP 50 65 255
KW 0 221 255
EL 484 370 100 100 1
ST
797 0.3
RP 3
KP 50 64 255
KW 0 220 255
EL 486 368 100 100 1
ST
798 0.3
RP 3
KP 50 63 255
KW 0 219 255
EL 488 366 100 100 1
ST
799 0.3
RP 3
KP 50 62 255
KW 0 218 255
EL 490 364 100 100 1
ST
800 0.3
RP 3
KP 50 61 255
KW 0 217 255
EL 492 362 100 100 1
ST
801 0.3
RP 3
KP 50 60 255
KW 0 216 255
EL 494 360 100 100 1
ST
802 0.3
RP 3
KP 50 59 255
KW 0 215 255
EL 496 358 100 100 1
ST
803 0.3
RP 3
KP 50 58 255
KW 0 214 255
EL 498 356 100 100 1
ST
804 0.3
RP 3
KP 50 57 255
KW 0 213 255
EL 500 354 100 100 1
ST
805 0.3
RP 3
KP 50 56 255
KW 0 212 255
EL 502 352 100 100 1
ST
806 0.3
RP 3
KP 50 55 255
KW 0 211 255
EL 504 350 100 100 1
ST
807 0.3
RP 3
KP 50 54 255
KW 0 210 255
EL 506 348 100 100 1
ST
808 0.3
RP 3
KP 50 53 255
KW 0 209 255
EL 508 346 100 100 1
ST
809 0.3
RP 3
KP 50 52 255
KW 0 208 255
EL 510 344 100 100 1
ST
810 0.3
RP 3
KP 50 51 255
KW 0 207 255
EL 512 342 100 100 1
ST
811 0.3
RP 3
KP 50 50 255
KW 0 206 255
EL 514 340 100 100 1
ST
812 0.3
RP 3
KP 50 49 255
KW 0 205 255
EL 516 338 100 100 1
ST
813 0.3
RP 3
KP 50 48 255
KW 0 204 255
EL 518 336 100 100 1
ST
814 0.3
RP 3
KP 50 47 255
KW 0 203 255
EL 520 334 100 100 1
ST
815 0.3
RP 3
KP 50 46 255
KW 0 202 255
EL 522 332 100 100 1
ST
816 0.3
RP 3
KP 50 45 255
KW 0 201 255
EL 524 330 100 100 1
ST
817 0.3
RP 3
KP 50 44 255
KW 0 200 255
EL 526 328 100 100 1
ST
818 0.3
RP 3
KP 50 43 255
KW 0 199 255
EL 528 326 100 100 1
ST
819 0.3
RP 3
KP 50 42 255
KW 0 198 255
EL 530 324 100 100 1
ST
820 0.3
RP 3
KP 50 41 255
KW 0 197 255
EL 532 322 100 100 1
ST
821 0.3
RP 3
KP 50 40 255
KW 0 196 255
EL 534 320 100 100 1
ST
822 0.3
RP 3
KP 50 39 255
KW 0 195 255
EL 536 318 100 100 1
ST
823 0.3
RP 3
KP 50 38 255
KW 0 194 255
EL 538 316 100 100 1
ST
824 0.3
RP 3
KP 50 37 255
KW 0 193 255
EL 540 314 100 100 1
ST
825 0.3
RP 3
KP 50 36 255
KW 0 192 255
EL 542 312 100 100 1
ST
826 0.3
RP 3
KP 50 35 255
KW 0 191 255
EL 544 310 100 100 1
ST
827 0.3
RP 3
KP 50 34 255
KW 0 190 255
EL 546 308 100 100 1
ST
828 0.3
RP 3
KP 50 33 255
KW 0 189 255
EL 548 306 100 100 1
ST
829 0.3
RP 3
KP 50 32 255
KW 0 188 255
EL 550 304 100 100 1
ST
830 0.3
RP 3
KP 50 31 255
KW 0 187 255
EL 552 302 100 100 1
ST
831 0.3
RP 3
KP 50 30 255
KW 0 186 255
EL 554 300 100 100 1
ST
832 0.3
RP 3
KP 50 29 255
KW 0 185 255
EL 556 298 100 100 1
ST
833 0.3
RP 3
KP 50 28 255
KW 0 184 255
EL 558 296 100 100 1
ST
834 0.3
RP 3
KP 50 27 255
KW 0 183 255
EL 560 294 100 100 1
ST
835 0.3
RP 3
KP 50 26 255
KW 0 182 255
EL 562 292 100 100 1
ST
836 0.3
RP 3
KP 50 25 255
KW 0 181 255
EL 564 290 100 100 1
ST
837 0.3
RP 3
KP 50 24 255
KW 0 180 255
EL 566 288 100 100 1
ST
838 0.3
RP 3
KP 50 23 255
KW 0 179 255
EL 568 286 100 100 1
ST
839 0.3
RP 3
KP 50 22 255
KW 0 178 255
EL 570 284 100 100 1
ST
840 0.3
RP 3
KP 50 21 255
KW 0 177 255
EL 572 282 100 100 1
ST
841 0.3
RP 3
KP 50 20 255
KW 0 176 255
EL 574 280 100 100 1
ST
842 0.3
RP 3
KP 50 19 255
KW 0 175 255
EL 576 278 100 100 1
ST
843 0.3
RP 3
KP 50 18 255
KW 0 174 255
EL 578 276 100 100 1
ST
844 0.3
RP 3
KP 50 17 255
KW 0 173 255
EL 580 274 100 100 1
ST
845 0.3
RP 3
KP 50 16 255
KW 0 172 255
EL 582 272 100 100 1
ST
846 0.3
RP 3
KP 50 15 255
KW 0 171 255
EL 584 270 100 100 1
ST
847 0.3
RP 3
KP 50 14 255
KW 0 170 255
EL 586 268 100 100 1
ST
848 0.3
RP 3
KP 50 13 255
KW 0 169 255
EL 588 266 100 100 1
ST
849 0.3
RP 3
KP 50 12 255
KW 0 168 255
EL 590 264 100 100 1
ST
850 0.3
RP 3
KP 50 11 255
KW 0 167 255
EL 592 262 100 100 1
ST
851 0.3
RP 3
KP 50 10 255
KW 0 166 255
EL 594 260 100 100 1
ST
852 0.3
RP 3
KP 50 9 255
KW 0 165 255
EL 596 258 100 100 1
ST
853 0.3
RP 3
KP 50 8 255
KW 0 164 255
EL 598 256 100 100 1
ST
854 0.3
RP 3
KP 50 7 255
KW 0 163 255
EL 600 254 100 100 1
ST
855 0.3
RP 3
KP 50 6 255
KW 0 162 255
EL 602 252 100 100 1
ST
856 0.3
RP 3
KP 50 5 255
KW 0 161 255
EL 604 250 100 100 1
ST
857 0.3
RP 3
KP 50 4 255
KW 0 160 255
EL 606 248 100 100 1
ST
858 0.3
RP 3
KP 50 3 255
KW 0 159 255
EL 608 246 100 100 1
ST
859 0.3
RP 3
KP 50 2 255
KW 0 158 255
EL 610 244 100 100 1
ST
860 0.3
RP 3
KP 50 1 255
KW 0 157 255
EL 612 242 100 100 1
ST
861 0.3
RP 3
KP 50 0 255
KW 0 156 255
EL 614 240 100 100 1
ST
862 0.3
RP 3
KP 50 255 255
KW 0 155 255
EL 616 238 100 100 1
ST
863 0.3
RP 3
KP 50 254 255
KW 0 154 255
EL 618 236 100 100 1
ST
864 0.3
RP 3
KP 50 253 255
KW 0 153 255
EL 620 234 100 100 1
ST
865 0.3
RP 3
KP 50 252 255
KW 0 152 255
EL 622 232 100 100 1
ST
866 0.3
RP 3
KP 50 251 255
KW 0 151 255
EL 624 230 100 100 1
ST
867 0.3
RP 3
KP 50 250 255
KW 0 150 255
EL 626 228 100 100 1
ST
868 0.3
RP 3
KP 50 249 255
KW 0 149 255
EL 628 226 100 100 1
ST
869 0.3
RP 3
KP 50 248 255
KW 0 148 255
EL 630 224 100 100 1
ST
870 0.3
RP 3
KP 50 247 255
KW 0 147 255
EL 632 222 100 100 1
ST
871 0.3
RP 3
KP 50 246 255
KW 0 146 255
EL 634 220 100 100 1
ST
872 0.3
RP 3
KP 50 245 255
KW 0 145 255
EL 636 218 100 100 1
ST
873 0.3
RP 3
KP 50 244 255
KW 0 144 255
EL 638 216 100 100 1
ST
874 0.3
RP 3
KP 50 243 255
KW 0 143 255
EL 640 214 100 100 1
ST
875 0.3
RP 3
KP 50 242 255
KW 0 142 255
EL 642 212 100 100 1
ST
876 0.3
RP 3
KP 50 241 255
KW 0 141 255
EL 644 210 100 100 1
ST
877 0.3
RP 3
KP 50 240 255
KW 0 140 255
EL 646 208 100 100 1
ST
878 0.3
RP 3
KP 50 239 255
KW 0 139 255
EL 648 206 100 100 1
ST
879 0.3
RP 3
KP 50 238 255
KW 0 138 255
EL 650 204 100 100 1
ST
880 0.3
RP 3
KP 50 237 255
KW 0 137 255
EL 652 202 100 100 1
ST
881 0.3
RP 3
KP 50 236 255
KW 0 136 255
EL 654 200 100 100 1
ST
882 0.3
RP 3
KP 50 235 255
KW 0 135 255
EL 656 198 100 100 1
ST
883 0.3
RP 3
KP 50 234 255
KW 0 134 255
EL 658 196 100 100 1
ST
884 0.3
RP 3
KP 50 233 255
KW 0 133 255
EL 660 194 100 100 1
ST
885 0.3
RP 3
KP 50 232 255
KW 0 132 255
EL 662 192 100 100 1
ST
886 0.3
RP 3
KP 50 231 255
KW 0 131 255
EL 664 190 100 100 1
ST
887 0.3
RP 3
KP 50 230 255
KW 0 130 255
EL 666 188 100 100 1
ST
888 0.3
RP 3
KP 50 229 255
KW 0 129 255
EL 668 186 100 100 1
ST
889 0.3
RP 3
KP 50 228 255
KW 0 128 255
EL 670 184 100 100 1
ST
890 0.3
RP 3
KP 50 227 255
KW 0 127 255
EL 672 182 100 100 1
ST
891 0.3
RP 3
KP 50 226 255
KW 0 126 255
EL 674 180 100 100 1
ST
892 0.3
RP 3
KP 50 225 255
KW 0 125 255
EL 676 178 100 100 1
ST
893 0.3
RP 3
KP 50 224 255
KW 0 124 255
EL 678 176 100 100 1
ST
894 0.3
RP 3
KP 50 223 255
KW 0 123 255
EL 680 174 100 100 1
ST
895 0.3
RP 3
KP 50 222 255
KW 0 122 255
EL 682 172 100 100 1
ST
896 0.3
RP 3
KP 50 221 255
KW 0 121 255
EL 684 170 100 100 1
ST
897 0.3
RP 3
KP 50 220 255
KW 0 120 255
EL 686 168 100 100 1
ST
898 0.3
RP 3
KP 50 219 255
KW 0 119 255
EL 688 166 100 100 1
ST
899 0.3
RP 3
KP 50 218 255
KW 0 118 255
EL 690 164 100 100 1
ST
900 0.3
RP 3
KP 50 217 255
KW 0 117 255
EL 692 162 100 100 1
ST
901 0.3
RP 3
KP 50 216 255
KW 0 116 255
EL 694 160 100 100 1
ST
902 0.3
RP 3
KP 50 215 255
KW 0 115 255
EL 696 158 100 100 1
ST
903 0.3
RP 3
KP 50 214 255
KW 0 114 255
EL 698 156 100 100 1
ST
904 0.3
RP 3
KP 50 213 255
KW 0 113 255
EL 700 154 100 100 1
ST
905 0.3
RP 3
KP 50 212 255
KW 0 112 255
EL 702 152 100 100 1
ST
906 0.3
RP 3
KP 50 211 255
KW 0 111 255
EL 700 150 100 100 1
ST
907 0.3
RP 3
KP 50 210 255
KW 0 110 255
EL 698 148 100 100 1
ST
908 0.3
RP 3
KP 50 209 255
KW 0 109 255
EL 696 146 100 100 1
ST
909 0.3
RP 3
KP 50 208 255
KW 0 108 255
EL 694 144 100 100 1
ST
910 0.3
RP 3
KP 50 207 255
KW 0 107 255
EL 692 142 100 100 1
ST
911 0.3
RP 3
KP 50 206 255
KW 0 106 255
EL 690 140 100 100 1
ST
912 0.3
RP 3
KP 50 205 255
KW 0 105 255
EL 688 138 100 100 1
ST
913 0.3
RP 3
KP 50 204 255
KW 0 104 255
EL 686 136 100 100 1
ST
914 0.3
RP 3
KP 50 203 255
KW 0 103 255
EL 684 134 100 100 1
ST
915 0.3
RP 3
KP 50 202 255
KW 0 102 255
EL 682 132 100 100 1
ST
916 0.3
RP 3
KP 50 201 255
KW 0 101 255
EL 680 130 100 100 1
ST
917 0.3
RP 3
KP 50 200 255
KW 0 100 255
EL 678 128 100 100 1
ST
918 0.3
RP 3
KP 50 199 255
KW 0 99 255
EL 676 126 100 100 1
ST
919 0.3
RP 3
KP 50 198 255
KW 0 98 255
EL 674 124 100 100 1
ST
920 0.3
RP 3
KP 50 197 255
KW 0 97 255
EL 672 122 100 100 1
ST
921 0.3
RP 3
KP 50 196 255
KW 0 96 255
EL 670 120 100 100 1
ST
922 0.3
RP 3
KP 50 195 255
KW 0 95 255
EL 668 118 100 100 1
ST
923 0.3
RP 3
KP 50 194 255
KW 0 94 255
EL 666 116 100 100 1
ST
924 0.3
RP 3
KP 50 193 255
KW 0 93 255
EL 664 114 100 100 1
ST
925 0.3
RP 3
KP 50 192 255
KW 0 92 255
EL 662 112 100 100 1
ST
926 0.3
RP 3
KP 50 191 255
KW 0 91 255
EL 660 110 100 100 1
ST
927 0.3
RP 3
KP 50 190 255
KW 0 90 255
EL 658 108 100 100 1
ST
928 0.3
RP 3
KP 50 189 255
KW 0 89 255
EL 656 106 100 100 1
ST
929 0.3
RP 3
KP 50 188 255
KW 0 88 255
EL 654 104 100 100 1
ST
930 0.3
RP 3
KP 50 187 255
KW 0 87 255
EL 652 102 100 100 1
ST
931 0.3
RP 3
KP 50 186 255
KW 0 86 255
EL 650 100 100 100 1
ST
932 0.3
RP 3
KP 50 185 255
KW 0 85 255
EL 648 98 100 100 1
ST
933 0.3
RP 3
KP 50 184 255
KW 0 84 255
EL 646 96 100 100 1
ST
934 0.3
RP 3
KP 50 183 255
KW 0 83 255
EL 644 94 100 100 1
ST
935 0.3
RP 3
KP 50 182 255
KW 0 82 255
EL 642 92 100 100 1
ST
936 0.3
RP 3
KP 50 181 255
KW 0 81 255
EL 640 90 100 100 1
ST
937 0.3
RP 3
KP 50 180 255
KW 0 80 255
EL 638 88 100 100 1
ST
938 0.3
RP 3
KP 50 179 255
KW 0 79 255
EL 636 86 100 100 1
ST
939 0.3
RP 3
KP 50 178 255
KW 0 78 255
EL 634 84 100 100 1
ST
940 0.3
RP 3
KP 50 177 255
KW 0 77 255
EL 632 82 100 100 1
ST
941 0.3
RP 3
KP 50 176 255
KW 0 76 255
EL 630 80 100 100 1
ST
942 0.3
RP 3
KP 50 175 255
KW 0 75 255
EL 628 78 100 100 1
ST
943 0.3
RP 3
KP 50 174 255
KW 0 74 255
EL 626 76 100 100 1
ST
944 0.3
RP 3
KP 50 173 255
KW 0 73 255
EL 624 74 100 100 1
ST
945 0.3
RP 3
KP 50 172 255
KW 0 72 255
EL 622 72 100 100 1
ST
946 0.3
RP 3
KP 50 171 255
KW 0 71 255
EL 620 70 100 100 1
ST
947 0.3
RP 3
KP 50 170 255
KW 0 70 255
EL 618 68 100 100 1
ST
948 0.3
RP 3
KP 50 169 255
KW 0 69 255
EL 616 66 100 100 1
ST
949 0.3
RP 3
KP 50 168 255
KW 0 68 255
EL 614 64 100 100 1
ST
950 0.3
RP 3
KP 50 167 255
KW 0 67 255
EL 612 62 100 100 1
ST
951 0.3
RP 3
KP 50 166 255
KW 0 66 255
EL 610 60 100 100 1
ST
952 0.3
RP 3
KP 50 165 255
KW 0 65 255
EL 608 58 100 100 1
ST
953 0.3
RP 3
KP 50 164 255
KW 0 64 255
EL 606 56 100 100 1
ST
954 0.3
RP 3
KP 50 163 255
KW 0 63 255
EL 604 54 100 100 1
ST
955 0.3
RP 3
KP 50 162 255
KW 0 62 255
EL 602 52 100 100 1
ST
956 0.3
RP 3
KP 50 161 255
KW 0 61 255
EL 600 50 100 100 1
ST
957 0.3
RP 3
KP 50 160 255
KW 0 60 255
EL 598 48 100 100 1
ST
958 0.3
RP 3
KP 50 159 255
KW 0 59 255
EL 596 46 100 100 1
ST
959 0.3
RP 3
KP 50 158 255
KW 0 58 255
EL 594 44 100 100 1
ST
960 0.3
RP 3
KP 50 157 255
KW 0 57 255
EL 592 42 100 100 1
ST
961 0.3
RP 3
KP 50 156 255
KW 0 56 255
EL 590 40 100 100 1
ST
962 0.3
RP 3
KP 50 155 255
KW 0 55 255
EL 588 38 100 100 1
ST
963 0.3
RP 3
KP 50 154 255
KW 0 54 255
EL 586 36 100 100 1
ST
964 0.3
RP 3
KP 50 153 255
KW 0 53 255
EL 584 34 100 100 1
ST
965 0.3
RP 3
KP 50 152 255
KW 0 52 255
EL 582 32 100 100 1
ST
966 0.3
RP 3
KP 50 151 255
KW 0 51 255
EL 580 30 100 100 1
ST
967 0.3
RP 3
KP 50 150 255
KW 0 50 255
EL 578 28 100 100 1
ST
968 0.3
RP 3
KP 50 149 255
KW 0 49 255
EL 576 26 100 100 1
ST
969 0.3
RP 3
KP 50 148 255
KW 0 48 255
EL 574 24 100 100 1
ST
970 0.3
RP 3
KP 50 147 255
KW 0 47 255
EL 572 22 100 100 1
ST
971 0.3
RP 3
KP 50 146 255
KW 0 46 255
EL 570 20 100 100 1
ST
972 0.3
RP 3
KP 50 145 255
KW 0 45 255
EL 568 18 100 100 1
ST
973 0.3
RP 3
KP 50 144 255
KW 0 44 255
EL 566 16 100 100 1
ST
974 0.3
RP 3
KP 50 143 255
KW 0 43 255
EL 564 14 100 100 1
ST
975 0.3
RP 3
KP 50 142 255
KW 0 42 255
EL 562 12 100 100 1
ST
976 0.3
RP 3
KP 50 141 255
KW 0 41 255
EL 560 10 100 100 1
ST
977 0.3
RP 3
KP 50 140 255
KW 0 40 255
EL 558 8 100 100 1
ST
978 0.3
RP 3
KP 50 139 255
KW 0 39 255
EL 556 6 100 100 1
ST
979 0.3
RP 3
KP 50 138 255
KW 0 38 255
EL 554 4 100 100 1
ST
980 0.3
RP 3
KP 50 137 255
KW 0 37 255
EL 552 2 100 100 1
ST
981 0.3
RP 3
KP 50 136 255
KW 0 36 255
EL 550 0 100 100 1
ST
982 0.3
RP 3
KP 50 135 255
KW 0 35 255
EL 548 -2 100 100 1
ST
983 0.3
RP 3
KP 50 134 255
KW 0 34 255
EL 546 0 100 100 1
ST
984 0.3
RP 3
KP 50 133 255
KW 0 33 255
EL 544 2 100 100 1
ST
985 0.3
RP 3
KP 50 132 255
KW 0 32 255
EL 542 4 100 100 1
ST
986 0.3
RP 3
KP 50 131 255
KW 0 31 255
EL 540 6 100 100 1
ST
987 0.3
RP 3
KP 50 130 255
KW 0 30 255
EL 538 8 100 100 1
ST
988 0.3
RP 3
KP 50 129 255
KW 0 29 255
EL 536 10 100 100 1
ST
989 0.3
RP 3
KP 50 128 255
KW 0 28 255
EL 534 12 100 100 1
ST
990 0.3
RP 3
KP 50 127 255
KW 0 27 255
EL 532 14 100 100 1
ST
991 0.3
RP 3
KP 50 126 255
KW 0 26 255
EL 530 16 100 100 1
ST
992 0.3
RP 3
KP 50 125 255
KW 0 25 255
EL 528 18 100 100 1
ST
993 0.3
RP 3
KP 50 124 255
KW 0 24 255
EL 526 20 100 100 1
ST
994 0.3
RP 3
KP 50 123 255
KW 0 23 255
EL 524 22 100 100 1
ST
995 0.3
RP 3
KP 50 122 255
KW 0 22 255
EL 522 24 100 100 1
ST
996 0.3
RP 3
KP 50 121 255
KW 0 21 255
EL 520 26 100 100 1
ST
997 0.3
RP 3
KP 50 120 255
KW 0 20 255
EL 518 28 100 100 1
ST
998 0.3
RP 3
KP 50 119 255
KW 0 19 255
EL 516 30 100 100 1
ST
999 0.3
RP 3
KP 50 118 255
KW 0 18 255
EL 514 32 100 100 1
ST
1000 0.3
RP 3
KP 50 117 255
KW 0 17 255
EL 512 34 100 100 1
ST
1001 0.3
RP 3
KP 50 116 255
KW 0 16 255
EL 510 36 100 100 1
ST
1002 0.3
RP 3
KP 50 115 255
KW 0 15 255
EL 508 38 100 100 1
ST
1003 0.3
RP 3
KP 50 114 255
KW 0 14 255
EL 506 40 100 100 1
ST
1004 0.3
RP 3
KP 50 113 255
KW 0 13 255
EL 504 42 100 100 1
ST
1005 0.3
RP 3
KP 50 112 255
KW 0 12 255
EL 502 44 100 100 1
ST
1006 0.3
RP 3
KP 50 111 255
KW 0 11 255
EL 500 46 100 100 1
ST
1007 0.3
RP 3
KP 50 110 255
KW 0 10 255
EL 498 48 100 100 1
ST
1008 0.3
RP 3
KP 50 109 255
KW 0 9 255
EL 496 50 100 100 1
ST
1009 0.3
RP 3
KP 50 108 255
KW 0 8 255
EL 494 52 100 100 1
ST
1010 0.3
RP 3
KP 50 107 255
KW 0 7 255
EL 492 54 100 100 1
ST
1011 0.3
RP 3
KP 50 106 255
KW 0 6 255
EL 490 56 100 100 1
ST
1012 0.3
RP 3
KP 50 105 255
KW 0 5 255
EL 488 58 100 100 1
ST
1013 0.3
RP 3
KP 50 104 255
KW 0 4 255
EL 486 60 100 100 1
ST
1014 0.3
RP 3
KP 50 103 255
KW 0 3 255
EL 484 62 100 100 1
ST
1015 0.3
RP 3
KP 50 102 255
KW 0 2 255
EL 482 64 100 100 1
ST
1016 0.3
RP 3
KP 50 101 255
KW 0 1 255
EL 480 66 100 100 1
ST
1017 0.3
RP 3
KP 51 100 255
KW 1 0 255
EL 478 68 100 100 1
ST
1018 0.3
RP 3
KP 52 100 255
KW 2 0 255
EL 476 70 100 100 1
ST
1019 0.3
RP 3
KP 53 100 255
KW 3 0 255
EL 474 72 100 100 1
ST
1020 0.3
RP 3
KP 54 100 255
KW 4 0 255
EL 472 74 100 100 1
ST
1021 0.3
RP 3
KP 55 100 255
KW 5 0 255
EL 470 76 100 100 1
ST
1022 0.3
RP 3
KP 56 100 255
KW 6 0 255
EL 468 78 100 100 1
ST
1023 0.3
RP 3
KP 57 100 255
KW 7 0 255
EL 466 80 100 100 1
ST
1024 0.3
RP 3
KP 58 100 255
KW 8 0 255
EL 464 82 100 100 1
ST
1025 0.3
RP 3
KP 59 100 255
KW 9 0 255
EL 462 84 100 100 1
ST
1026 0.3
RP 3
KP 60 100 255
KW 10 0 255
EL 460 86 100 100 1
ST
1027 0.3
RP 3
KP 61 100 255
KW 11 0 255
EL 458 88 100 100 1
ST
1028 0.3
RP 3
KP 62 100 255
KW 12 0 255
EL 456 90 100 100 1
ST
1029 0.3
RP 3
KP 63 100 255
KW 13 0 255
EL 454 92 100 100 1
ST
1030 0.3
RP 3
KP 64 100 255
KW 14 0 255
EL 452 94 100 100 1
ST
1031 0.3
RP 3
KP 65 100 255
KW 15 0 255
EL 450 96 100 100 1
ST
1032 0.3
RP 3
KP 66 100 255
KW 16 0 255
EL 448 98 100 100 1
ST
1033 0.3
RP 3
KP 67 100 255
KW 17 0 255
EL 446 100 100 100 1
ST
1034 0.3
RP 3
KP 68 100 255
KW 18 0 255
EL 444 102 100 100 1
ST
1035 0.3
RP 3
KP 69 100 255
KW 19 0 255
EL 442 104 100 100 1
ST
1036 0.3
RP 3
KP 70 100 255
KW 20 0 255
EL 440 106 100 100 1
ST
1037 0.3
RP 3
KP 71 100 255
KW 21 0 255
EL 438 108 100 100 1
ST
1038 0.3
RP 3
KP 72 100 255
KW 22 0 255
EL 436 110 100 100 1
ST
1039 0.3
RP 3
KP 73 100 255
KW 23 0 255
EL 434 112 100 100 1
ST
1040 0.3
RP 3
KP 74 100 255
KW 24 0 255
EL 432 114 100 100 1
ST
1041 0.3
RP 3
KP 75 100 255
KW 25 0 255
EL 430 116 100 100 1
ST
1042 0.3
RP 3
KP 76 100 255
KW 26 0 255
EL 428 118 100 100 1
ST
1043 0.3
RP 3
KP 77 100 255
KW 27 0 255
EL 426 120 100 100 1
ST
1044 0.3
RP 3
KP 78 100 255
KW 28 0 255
EL 424 122 100 100 1
ST
1045 0.3
RP 3
KP 79 100 255
KW 29 0 255
EL 422 124 100 100 1
ST
1046 0.3
RP 3
KP 80 100 255
KW 30 0 255
EL 420 126 100 100 1
ST
1047 0.3
RP 3
KP 81 100 255
KW 31 0 255
EL 418 128 100 100 1
ST
1048 0.3
RP 3
KP 82 100 255
KW 32 0 255
EL 416 130 100 100 1
ST
1049 0.3
RP 3
KP 83 100 255
KW 33 0 255
EL 414 132 100 100 1
ST
1050 0.3
RP 3
KP 84 100 255
KW 34 0 255
EL 412 134 100 100 1
ST
1051 0.3
RP 3
KP 85 100 255
KW 35 0 255
EL 410 136 100 100 1
ST
1052 0.3
RP 3
KP 86 100 255
KW 36 0 255
EL 408 138 100 100 1
ST
1053 0.3
RP 3
KP 87 100 255
KW 37 0 255
EL 406 140 100 100 1
ST
1054 0.3
RP 3
KP 88 100 255
KW 38 0 255
EL 404 142 100 100 1
ST
1055 0.3
RP 3
KP 89 100 255
KW 39 0 255
EL 402 144 100 100 1
ST
1056 0.3
RP 3
KP 90 100 255
KW 40 0 255
EL 400 146 100 100 1
ST
1057 0.3
RP 3
KP 91 100 255
KW 41 0 255
EL 398 148 100 100 1
ST
1058 0.3
RP 3
KP 92 100 255
KW 42 0 255
EL 396 150 100 100 1
ST
1059 0.3
RP 3
KP 93 100 255
KW 43 0 255
EL 394 152 100 100 1
ST
1060 0.3
RP 3
KP 94 100 255
KW 44 0 255
EL 392 154 100 100 1
ST
1061 0.3
RP 3
KP 95 100 255
KW 45 0 255
EL 390 156 100 100 1
ST
1062 0.3
RP 3
KP 96 100 255
KW 46 0 255
EL 388 158 100 100 1
ST
1063 0.3
RP 3
KP 97 100 255
KW 47 0 255
EL 386 160 100 100 1
ST
1064 0.3
RP 3
KP 98 100 255
KW 48 0 255
EL 384 162 100 100 1
ST
1065 0.3
RP 3
KP 99 100 255
KW 49 0 255
EL 382 164 100 100 1
ST
1066 0.3
RP 3
KP 100 100 255
KW 50 0 255
EL 380 166 100 100 1
ST
1067 0.3
RP 3
KP 101 100 255
KW 51 0 255
EL 378 168 100 100 1
ST
1068 0.3
RP 3
KP 102 100 255
KW 52 0 255
EL 376 170 100 100 1
ST
1069 0.3
RP 3
KP 103 100 255
KW 53 0 255
EL 374 172 100 100 1
ST
1070 0.3
RP 3
KP 104 100 255
KW 54 0 255
EL 372 174 100 100 1
ST
1071 0.3
RP 3
KP 105 100 255
KW 55 0 255
EL 370 176 100 100 1
ST
1072 0.3
RP 3
KP 106 100 255
KW 56 0 255
EL 368 178 100 100 1
ST
1073 0.3
RP 3
KP 107 100 255
KW 57 0 255
EL 366 180 100 100 1
ST
1074 0.3
RP 3
KP 108 100 255
KW 58 0 255
EL 364 182 100 100 1
ST
1075 0.3
RP 3
KP 109 100 255
KW 59 0 255
EL 362 184 100 100 1
ST
1076 0.3
RP 3
KP 110 100 255
KW 60 0 255
EL 360 186 100 100 1
ST
1077 0.3
RP 3
KP 111 100 255
KW 61 0 255
EL 358 188 100 100 1
ST
1078 0.3
RP 3
KP 112 100 255
KW 62 0 255
EL 356 190 100 100 1
ST
1079 0.3
RP 3
KP 113 100 255
KW 63 0 255
EL 354 192 100 100 1
ST
1080 0.3
RP 3
KP 114 100 255
KW 64 0 255
EL 352 194 100 100 1
ST
1081 0.3
RP 3
KP 115 100 255
KW 65 0 255
EL 350 196 100 100 1
ST
1082 0.3
RP 3
KP 116 100 255
KW 66 0 255
EL 348 198 100 100 1
ST
1083 0.3
RP 3
KP 117 100 255
KW 67 0 255
EL 346 200 100 100 1
ST
1084 0.3
RP 3
KP 118 100 255
KW 68 0 255
EL 344 202 100 100 1
ST
1085 0.3
RP 3
KP 119 100 255
KW 69 0 255
EL 342 204 100 100 1
ST
1086 0.3
RP 3
KP 120 100 255
KW 70 0 255
EL 340 206 100 100 1
ST
1087 0.3
RP 3
KP 121 100 255
KW 71 0 255
EL 338 208 100 100 1
ST
1088 0.3
RP 3
KP 122 100 255
KW 72 0 255
EL 336 210 100 100 1
ST
1089 0.3
RP 3
KP 123 100 255
KW 73 0 255
EL 334 212 100 100 1
ST
1090 0.3
RP 3
KP 124 100 255
KW 74 0 255
EL 332 214 100 100 1
ST
1091 0.3
RP 3
KP 125 100 255
KW 75 0 255
EL 330 216 100 100 1
ST
1092 0.3
RP 3
KP 126 100 255
KW 76 0 255
EL 328 218 100 100 1
ST
1093 0.3
RP 3
KP 127 100 255
KW 77 0 255
EL 326 220 100 100 1
ST
1094 0.3
RP 3
KP 128 100 255
KW 78 0 255
EL 324 222 100 100 1
ST
1095 0.3
RP 3
KP 129 100 255
KW 79 0 255
EL 322 224 100 100 1
ST
1096 0.3
RP 3
KP 130 100 255
KW 80 0 255
EL 320 226 100 100 1
ST
1097 0.3
RP 3
KP 131 100 255
KW 81 0 255
EL 318 228 100 100 1
ST
1098 0.3
RP 3
KP 132 100 255
KW 82 0 255
EL 316 230 100 100 1
ST
1099 0.3
RP 3
KP 133 100 255
KW 83 0 255
EL 314 232 100 100 1
ST
1100 0.3
RP 3
KP 134 100 255
KW 84 0 255
EL 312 234 100 100 1
ST
1101 0.3
RP 3
KP 135 100 255
KW 85 0 255
EL 310 236 100 100 1
ST
1102 0.3
RP 3
KP 136 100 255
KW 86 0 255
EL 308 238 100 100 1
ST
1103 0.3
RP 3
KP 137 100 255
KW 87 0 255
EL 306 240 100 100 1
ST
1104 0.3
RP 3
KP 138 100 255
KW 88 0 255
EL 304 242 100 100 1
ST
1105 0.3
RP 3
KP 139 100 255
KW 89 0 255
EL 302 244 100 100 1
ST
1106 0.3
RP 3
KP 140 100 255
KW 90 0 255
EL 300 246 100 100 1
ST
1107 0.3
RP 3
KP 141 100 255
KW 91 0 255
EL 298 248 100 100 1
ST
1108 0.3
RP 3
KP 142 100 255
KW 92 0 255
EL 296 250 100 100 1
ST
1109 0.3
RP 3
KP 143 100 255
KW 93 0 255
EL 294 252 100 100 1
ST
1110 0.3
RP 3
KP 144 100 255
KW 94 0 255
EL 292 254 100 100 1
ST
1111 0.3
RP 3
KP 145 100 255
KW 95 0 255
EL 290 256 100 100 1
ST
1112 0.3
RP 3
KP 146 100 255
KW 96 0 255
EL 288 258 100 100 1
ST
1113 0.3
RP 3
KP 147 100 255
KW 97 0 255
EL 286 260 100 100 1
ST
1114 0.3
RP 3
KP 148 100 255
KW 98 0 255
EL 284 262 100 100 1
ST
1115 0.3
RP 3
KP 149 100 255
KW 99 0 255
EL 282 264 100 100 1
ST
1116 0.3
RP 3
KP 150 100 255
KW 100 0 255
EL 280 266 100 100 1
ST
1117 0.3
RP 3
KP 151 100 255
KW 101 0 255
EL 278 268 100 100 1
ST
1118 0.3
RP 3
KP 152 100 255
KW 102 0 255
EL 276 270 100 100 1
ST
1119 0.3
RP 3
KP 153 100 255
KW 103 0 255
EL 274 272 100 100 1
ST
1120 0.3
RP 3
KP 154 100 255
KW 104 0 255
EL 272 274 100 100 1
ST
1121 0.3
RP 3
KP 155 100 255
KW 105 0 255
EL 270 276 100 100 1
ST
1122 0.3
RP 3
KP 156 100 255
KW 106 0 255
EL 268 278 100 100 1
ST
1123 0.3
RP 3
KP 157 100 255
KW 107 0 255
EL 266 280 100 100 1
ST
1124 0.3
RP 3
KP 158 100 255
KW 108 0 255
EL 264 282 100 100 1
ST
1125 0.3
RP 3
KP 159 100 255
KW 109 0 255
EL 262 284 100 100 1
ST
1126 0.3
RP 3
KP 160 100 255
KW 110 0 255
EL 260 286 100 100 1
ST
1127 0.3
RP 3
KP 161 100 255
KW 111 0 255
EL 258 288 100 100 1
ST
1128 0.3
RP 3
KP 162 100 255
KW 112 0 255
EL 256 290 100 100 1
ST
1129 0.3
RP 3
KP 163 100 255
KW 113 0 255
EL 254 292 100 100 1
ST
1130 0.3
RP 3
KP 164 100 255
KW 114 0 255
EL 252 294 100 100 1
ST
1131 0.3
RP 3
KP 165 100 255
KW 115 0 255
EL 250 296 100 100 1
ST
1132 0.3
RP 3
KP 166 100 255
KW 116 0 255
EL 248 298 100 100 1
ST
1133 0.3
RP 3
KP 167 100 255
KW 117 0 255
EL 246 300 100 100 1
ST
1134 0.3
RP 3
KP 168 100 255
KW 118 0 255
EL 244 302 100 100 1
ST
1135 0.3
RP 3
KP 169 100 255
KW 119 0 255
EL 242 304 100 100 1
ST
1136 0.3
RP 3
KP 170 100 255
KW 120 0 255
EL 240 306 100 100 1
ST
1137 0.3
RP 3
KP 171 100 255
KW 121 0 255
EL 238 308 100 100 1
ST
1138 0.3
RP 3
KP 172 100 255
KW 122 0 255
EL 236 310 100 100 1
ST
1139 0.3
RP 3
KP 173 100 255
KW 123 0 255
EL 234 312 100 100 1
ST
1140 0.3
RP 3
KP 174 100 255
KW 124 0 255
EL 232 314 100 100 1
ST
1141 0.3
RP 3
KP 175 100 255
KW 125 0 255
EL 230 316 100 100 1
ST
1142 0.3
RP 3
KP 176 100 255
KW 126 0 255
EL 228 318 100 100 1
ST
1143 0.3
RP 3
KP 177 100 255
KW 127 0 255
EL 226 320 100 100 1
ST
1144 0.3
RP 3
KP 178 100 255
KW 128 0 255
EL 224 322 100 100 1
ST
1145 0.3
RP 3
KP 179 100 255
KW 129 0 255
EL 222 324 100 100 1
ST
1146 0.3
RP 3
KP 180 100 255
KW 130 0 255
EL 220 326 100 100 1
ST
1147 0.3
RP 3
KP 181 100 255
KW 131 0 255
EL 218 328 100 100 1
ST
1148 0.3
RP 3
KP 182 100 255
KW 132 0 255
EL 216 330 100 100 1
ST
1149 0.3
RP 3
KP 183 100 255
KW 133 0 255
EL 214 332 100 100 1
ST
1150 0.3
RP 3
KP 184 100 255
KW 134 0 255
EL 212 334 100 100 1
ST
1151 0.3
RP 3
KP 185 100 255
KW 135 0 255
EL 210 336 100 100 1
ST
1152 0.3
RP 3
KP 186 100 255
KW 136 0 255
EL 208 338 100 100 1
ST
1153 0.3
RP 3
KP 187 100 255
KW 137 0 255
EL 206 340 100 100 1
ST
1154 0.3
RP 3
KP 188 100 255
KW 138 0 255
EL 204 342 100 100 1
ST
1155 0.3
RP 3
KP 189 100 255
KW 139 0 255
EL 202 344 100 100 1
ST
1156 0.3
RP 3
KP 190 100 255
KW 140 0 255
EL 200 346 100 100 1
ST
1157 0.3
RP 3
KP 191 100 255
KW 141 0 255
EL 198 348 100 100 1
ST
1158 0.3
RP 3
KP 192 100 255
KW 142 0 255
EL 196 350 100 100 1
ST
1159 0.3
RP 3
KP 193 100 255
KW 143 0 255
EL 194 352 100 100 1
ST
1160 0.3
RP 3
KP 194 100 255
KW 144 0 255
EL 192 354 100 100 1
ST
1161 0.3
RP 3
KP 195 100 255
KW 145 0 255
EL 190 356 100 100 1
ST
1162 0.3
RP 3
KP 196 100 255
KW 146 0 255
EL 188 358 100 100 1
ST
1163 0.3
RP 3
KP 197 100 255
KW 147 0 255
EL 186 360 100 100 1
ST
1164 0.3
RP 3
KP 198 100 255
KW 148 0 255
EL 184 362 100 100 1
ST
1165 0.3
RP 3
KP 199 100 255
KW 149 0 255
EL 182 364 100 100 1
ST
1166 0.3
RP 3
KP 200 100 255
KW 150 0 255
EL 180 366 100 100 1
ST
1167 0.3
RP 3
KP 201 100 255
KW 151 0 255
EL 178 368 100 100 1
ST
1168 0.3
RP 3
KP 202 100 255
KW 152 0 255
EL 176 370 100 100 1
ST
1169 0.3
RP 3
KP 203 100 255
KW 153 0 255
EL 174 372 100 100 1
ST
1170 0.3
RP 3
KP 204 100 255
KW 154 0 255
EL 172 374 100 100 1
ST
1171 0.3
RP 3
KP 205 100 255
KW 155 0 255
EL 170 376 100 100 1
ST
1172 0.3
RP 3
KP 206 100 255
KW 156 0 255
EL 168 378 100 100 1
ST
1173 0.3
RP 3
KP 207 100 255
KW 157 0 255
EL 166 380 100 100 1
ST
1174 0.3
RP 3
KP 208 100 255
KW 158 0 255
EL 164 382 100 100 1
ST
1175 0.3
RP 3
KP 209 100 255
KW 159 0 255
EL 162 384 100 100 1
ST
1176 0.3
RP 3
KP 210 100 255
KW 160 0 255
EL 160 386 100 100 1
ST
1177 0.3
RP 3
KP 211 100 255
KW 161 0 255
EL 158 388 100 100 1
ST
1178 0.3
RP 3
KP 212 100 255
KW 162 0 255
EL 156 390 100 100 1
ST
1179 0.3
RP 3
KP 213 100 255
KW 163 0 255
EL 154 392 100 100 1
ST
1180 0.3
RP 3
KP 214 100 255
KW 164 0 255
EL 152 394 100 100 1
ST
1181 0.3
RP 3
KP 215 100 255
KW 165 0 255
EL 150 396 100 100 1
ST
1182 0.3
RP 3
KP 216 100 255
KW 166 0 255
EL 148 398 100 100 1
ST
1183 0.3
RP 3
KP 217 100 255
KW 167 0 255
EL 146 400 100 100 1
ST
1184 0.3
RP 3
KP 218 100 255
KW 168 0 255
EL 144 402 100 100 1
ST
1185 0.3
RP 3
KP 219 100 255
KW 169 0 255
EL 142 404 100 100 1
ST
1186 0.3
RP 3
KP 220 100 255
KW 170 0 255
EL 140 406 100 100 1
ST
1187 0.3
RP 3
KP 221 100 255
KW 171 0 255
EL 138 408 100 100 1
ST
1188 0.3
RP 3
KP 222 100 255
KW 172 0 255
EL 136 410 100 100 1
ST
1189 0.3
RP 3
KP 223 100 255
KW 173 0 255
EL 134 412 100 100 1
ST
1190 0.3
RP 3
KP 224 100 255
KW 174 0 255
EL 132 414 100 100 1
ST
1191 0.3
RP 3
KP 225 100 255
KW 175 0 255
EL 130 416 100 100 1
ST
1192 0.3
RP 3
KP 226 100 255
KW 176 0 255
EL 128 418 100 100 1
ST
1193 0.3
RP 3
KP 227 100 255
KW 177 0 255
EL 126 420 100 100 1
ST
1194 0.3
RP 3
KP 228 100 255
KW 178 0 255
EL 124 422 100 100 1
ST
1195 0.3
RP 3
KP 229 100 255
KW 179 0 255
EL 122 424 100 100 1
ST
1196 0.3
RP 3
KP 230 100 255
KW 180 0 255
EL 120 426 100 100 1
ST
1197 0.3
RP 3
KP 231 100 255
KW 181 0 255
EL 118 428 100 100 1
ST
1198 0.3
RP 3
KP 232 100 255
KW 182 0 255
EL 116 430 100 100 1
ST
1199 0.3
RP 3
KP 233 100 255
KW 183 0 255
EL 114 432 100 100 1
ST
1200 0.3
RP 3
KP 234 100 255
KW 184 0 255
EL 112 434 100 100 1
ST
1201 0.3
RP 3
KP 235 100 255
KW 185 0 255
EL 110 436 100 100 1
ST
1202 0.3
RP 3
KP 236 100 255
KW 186 0 255
EL 108 438 100 100 1
ST
1203 0.3
RP 3
KP 237 100 255
KW 187 0 255
EL 106 440 100 100 1
ST
1204 0.3
RP 3
KP 238 100 255
KW 188 0 255
EL 104 442 100 100 1
ST
1205 0.3
RP 3
KP 239 100 255
KW 189 0 255
EL 102 444 100 100 1
ST
1206 0.3
RP 3
KP 240 100 255
KW 190 0 255
EL 100 446 100 100 1
ST
1207 0.3
RP 3
KP 241 100 255
KW 191 0 255
EL 98 448 100 100 1
ST
1208 0.3
RP 3
KP 242 100 255
KW 192 0 255
EL 96 450 100 100 1
ST
1209 0.3
RP 3
KP 243 100 255
KW 193 0 255
EL 94 452 100 100 1
ST
1210 0.3
RP 3
KP 244 100 255
KW 194 0 255
EL 92 454 100 100 1
ST
1211 0.3
RP 3
KP 245 100 255
KW 195 0 255
EL 90 456 100 100 1
ST
1212 0.3
RP 3
KP 246 100 255
KW 196 0 255
EL 88 458 100 100 1
ST
1213 0.3
RP 3
KP 247 100 255
KW 197 0 255
EL 86 460 100 100 1
ST
1214 0.3
RP 3
KP 248 100 255
KW 198 0 255
EL 84 462 100 100 1
ST
1215 0.3
RP 3
KP 249 100 255
KW 199 0 255
EL 82 464 100 100 1
ST
1216 0.3
RP 3
KP 250 100 255
KW 200 0 255
EL 80 466 100 100 1
ST
1217 0.3
RP 3
KP 251 100 255
KW 201 0 255
EL 78 468 100 100 1
ST
1218 0.3
RP 3
KP 252 100 255
KW 202 0 255
EL 76 470 100 100 1
ST
1219 0.3
RP 3
KP 253 100 255
KW 203 0 255
EL 74 472 100 100 1
ST
1220 0.3
RP 3
KP 254 100 255
KW 204 0 255
EL 72 474 100 100 1
ST
1221 0.3
RP 3
KP 255 100 255
KW 205 0 255
EL 70 476 100 100 1
ST
1222 0.3
RP 3
KP 0 100 255
KW 206 0 255
EL 68 478 100 100 1
ST
1223 0.3
RP 3
KP 1 100 255
KW 207 0 255
EL 66 480 100 100 1
ST
1224 0.3
RP 3
KP 2 100 255
KW 208 0 255
EL 64 482 100 100 1
ST
1225 0.3
RP 3
KP 3 100 255
KW 209 0 255
EL 62 484 100 100 1
ST
1226 0.3
RP 3
KP 4 100 255
KW 210 0 255
EL 60 486 100 100 1
ST
1227 0.3
RP 3
KP 5 100 255
KW 211 0 255
EL 58 488 100 100 1
ST
1228 0.3
RP 3
KP 6 100 255
KW 212 0 255
EL 56 490 100 100 1
ST
1229 0.3
RP 3
KP 7 100 255
KW 213 0 255
EL 54 492 100 100 1
ST
1230 0.3
RP 3
KP 8 100 255
KW 214 0 255
EL 52 494 100 100 1
ST
1231 0.3
RP 3
KP 9 100 255
KW 215 0 255
EL 50 496 100 100 1
ST
1232 0.3
RP 3
KP 10 100 255
KW 216 0 255
EL 48 498 100 100 1
ST
1233 0.3
RP 3
KP 11 100 255
KW 217 0 255
EL 46 500 100 100 1
ST
1234 0.3
RP 3
KP 12 100 255
KW 218 0 255
EL 44 502 100 100 1
ST
1235 0.3
RP 3
KP 13 100 255
KW 219 0 255
EL 42 500 100 100 1
ST
1236 0.3
RP 3
KP 14 100 255
KW 220 0 255
EL 40 498 100 100 1
ST
1237 0.3
RP 3
KP 15 100 255
KW 221 0 255
EL 38 496 100 100 1
ST
1238 0.3
RP 3
KP 16 100 255
KW 222 0 255
EL 36 494 100 100 1
ST
1239 0.3
RP 3
KP 17 100 255
KW 223 0 255
EL 34 492 100 100 1
ST
1240 0.3
RP 3
KP 18 100 255
KW 224 0 255
EL 32 490 100 100 1
ST
1241 0.3
RP 3
KP 19 100 255
KW 225 0 255
EL 30 488 100 100 1
ST
1242 0.3
RP 3
KP 20 100 255
KW 226 0 255
EL 28 486 100 100 1
ST
1243 0.3
RP 3
KP 21 100 255
KW 227 0 255
EL 26 484 100 100 1
ST
1244 0.3
RP 3
KP 22 100 255
KW 228 0 255
EL 24 482 100 100 1
ST
1245 0.3
RP 3
KP 23 100 255
KW 229 0 255
EL 22 480 100 100 1
ST
1246 0.3
RP 3
KP 24 100 255
KW 230 0 255
EL 20 478 100 100 1
ST
1247 0.3
RP 3
KP 25 100 255
KW 231 0 255
EL 18 476 100 100 1
ST
1248 0.3
RP 3
KP 26 100 255
KW 232 0 255
EL 16 474 100 100 1
ST
1249 0.3
RP 3
KP 27 100 255
KW 233 0 255
EL 14 472 100 100 1
ST
1250 0.3
RP 3
KP 28 100 255
KW 234 0 255
EL 12 470 100 100 1
ST
1251 0.3
RP 3
KP 29 100 255
KW 235 0 255
EL 10 468 100 100 1
ST
1252 0.3
RP 3
KP 30 100 255
KW 236 0 255
EL 8 466 100 100 1
ST
1253 0.3
RP 3
KP 31 100 255
KW 237 0 255
EL 6 464 100 100 1
ST
1254 0.3
RP 3
KP 32 100 255
KW 238 0 255
EL 4 462 100 100 1
ST
1255 0.3
RP 3
KP 33 100 255
KW 239 0 255
EL 2 460 100 100 1
ST
1256 0.3
RP 3
KP 34 100 255
KW 240 0 255
EL 0 458 100 100 1
ST
1257 0.3
RP 3
KP 35 100 255
KW 241 0 255
EL -2 456 100 100 1
ST
1258 0.3
RP 3
KP 36 100 255
KW 242 0 255
EL 0 454 100 100 1
ST
1259 0.3
RP 3
KP 37 100 255
KW 243 0 255
EL 2 452 100 100 1
ST
1260 0.3
RP 3
KP 38 100 255
KW 244 0 255
EL 4 450 100 100 1
ST
1261 0.3
RP 3
KP 39 100 255
KW 245 0 255
EL 6 448 100 100 1
ST
1262 0.3
RP 3
KP 40 100 255
KW 246 0 255
EL 8 446 100 100 1
ST
1263 0.3
RP 3
KP 41 100 255
KW 247 0 255
EL 10 444 100 100 1
ST
1264 0.3
RP 3
KP 42 100 255
KW 248 0 255
EL 12 442 100 100 1
ST
1265 0.3
RP 3
KP 43 100 255
KW 249 0 255
EL 14 440 100 100 1
ST
1266 0.3
RP 3
KP 44 100 255
KW 250 0 255
EL 16 438 100 100 1
ST
1267 0.3
RP 3
KP 45 100 255
KW 251 0 255
EL 18 436 100 100 1
ST
1268 0.3
RP 3
KP 46 100 255
KW 252 0 255
EL 20 434 100 100 1
ST
1269 0.3
RP 3
KP 47 100 255
KW 253 0 255
EL 22 432 100 100 1
ST
1270 0.3
RP 3
KP 48 100 255
KW 254 0 255
EL 24 430 100 100 1
ST
1271 0.3
RP 3
KP 49 100 254
KW 255 0 254
EL 26 428 100 100 1
ST
1272 0.3
RP 3
KP 49 100 253
KW 255 0 253
EL 28 426 100 100 1
ST
1273 0.3
RP 3
KP 49 100 252
KW 255 0 252
EL 30 424 100 100 1
ST
1274 0.3
RP 3
KP 49 100 251
KW 255 0 251
EL 32 422 100 100 1
ST
1275 0.3
RP 3
KP 49 100 250
KW 255 0 250
EL 34 420 100 100 1
ST
1276 0.3
RP 3
KP 49 100 249
KW 255 0 249
EL 36 418 100 100 1
ST
1277 0.3
RP 3
KP 49 100 248
KW 255 0 248
EL 38 416 100 100 1
ST
1278 0.3
RP 3
KP 49 100 247
KW 255 0 247
EL 40 414 100 100 1
ST
1279 0.3
RP 3
KP 49 100 246
KW 255 0 246
EL 42 412 100 100 1
ST
1280 0.3
RP 3
KP 49 100 245
KW 255 0 245
EL 44 410 100 100 1
ST
1281 0.3
RP 3
KP 49 100 244
KW 255 0 244
EL 46 408 100 100 1
ST
1282 0.3
RP 3
KP 49 100 243
KW 255 0 243
EL 48 406 100 100 1
ST
1283 0.3
RP 3
KP 49 100 242
KW 255 0 242
EL 50 404 100 100 1
ST
1284 0.3
RP 3
KP 49 100 241
KW 255 0 241
EL 52 402 100 100 1
ST
1285 0.3
RP 3
KP 49 100 240
KW 255 0 240
EL 54 400 100 100 1
ST
1286 0.3
RP 3
KP 49 100 239
KW 255 0 239
EL 56 398 100 100 1
ST
1287 0.3
RP 3
KP 49 100 238
KW 255 0 238
EL 58 396 100 100 1
ST
1288 0.3
RP 3
KP 49 100 237
KW 255 0 237
EL 60 394 100 100 1
ST
1289 0.3
RP 3
KP 49 100 236
KW 255 0 236
EL 62 392 100 100 1
ST
1290 0.3
RP 3
KP 49 100 235
KW 255 0 235
EL 64 390 100 100 1
ST
1291 0.3
RP 3
KP 49 100 234
KW 255 0 234
EL 66 388 100 100 1
ST
1292 0.3
RP 3
KP 49 100 233
KW 255 0 233
EL 68 386 100 100 1
ST
1293 0.3
RP 3
KP 49 100 232
KW 255 0 232
EL 70 384 100 100 1
ST
1294 0.3
RP 3
KP 49 100 231
KW 255 0 231
EL 72 382 100 100 1
ST
1295 0.3
RP 3
KP 49 100 230
KW 255 0 230
EL 74 380 100 100 1
ST
1296 0.3
RP 3
KP 49 100 229
KW 255 0 229
EL 76 378 100 100 1
ST
1297 0.3
RP 3
KP 49 100 228
KW 255 0 228
EL 78 376 100 100 1
ST
1298 0.3
RP 3
KP 49 100 227
KW 255 0 227
EL 80 374 100 100 1
ST
1299 0.3
RP 3
KP 49 100 226
KW 255 0 226
EL 82 372 100 100 1
ST
1300 0.3
RP 3
KP 49 100 225
KW 255 0 225
EL 84 370 100 100 1
ST
1301 0.3
RP 3
KP 49 100 224
KW 255 0 224
EL 86 368 100 100 1
ST
1302 0.3
RP 3
KP 49 100 223
KW 255 0 223
EL 88 366 100 100 1
ST
1303 0.3
RP 3
KP 49 100 222
KW 255 0 222
EL 90 364 100 100 1
ST
1304 0.3
RP 3
KP 49 100 221
KW 255 0 221
EL 92 362 100 100 1
ST
1305 0.3
RP 3
KP 49 100 220
KW 255 0 220
EL 94 360 100 100 1
ST
1306 0.3
RP 3
KP 49 100 219
KW 255 0 219
EL 96 358 100 100 1
ST
1307 0.3
RP 3
KP 49 100 218
KW 255 0 218
EL 98 356 100 100 1
ST
1308 0.3
RP 3
KP 49 100 217
KW 255 0 217
EL 100 354 100 100 1
ST
1309 0.3
RP 3
KP 49 100 216
KW 255 0 216
EL 102 352 100 100 1
ST
1310 0.3
RP 3
KP 49 100 215
KW 255 0 215
EL 104 350 100 100 1
ST
1311 0.3
RP 3
KP 49 100 214
KW 255 0 214
EL 106 348 100 100 1
ST
1312 0.3
RP 3
KP 49 100 213
KW 255 0 213
EL 108 346 100 100 1
ST
1313 0.3
RP 3
KP 49 100 212
KW 255 0 212
EL 110 344 100 100 1
ST
1314 0.3
RP 3
KP 49 100 211
KW 255 0 211
EL 112 342 100 100 1
ST
1315 0.3
RP 3
KP 49 100 210
KW 255 0 210
EL 114 340 100 100 1
ST
1316 0.3
RP 3
KP 49 100 209
KW 255 0 209
EL 116 338 100 100 1
ST
1317 0.3
RP 3
KP 49 100 208
KW 255 0 208
EL 118 336 100 100 1
ST
1318 0.3
RP 3
KP 49 100 207
KW 255 0 207
EL 120 334 100 100 1
ST
1319 0.3
RP 3
KP 49 100 206
KW 255 0 206
EL 122 332 100 100 1
ST
1320 0.3
RP 3
KP 49 100 205
KW 255 0 205
EL 124 330 100 100 1
ST
1321 0.3
RP 3
KP 49 100 204
KW 255 0 204
EL 126 328 100 100 1
ST
1322 0.3
RP 3
KP 49 100 203
KW 255 0 203
EL 128 326 100 100 1
ST
1323 0.3
RP 3
KP 49 100 202
KW 255 0 202
EL 130 324 100 100 1
ST
1324 0.3
RP 3
KP 49 100 201
KW 255 0 201
EL 132 322 100 100 1
ST
1325 0.3
RP 3
KP 49 100 200
KW 255 0 200
EL 134 320 100 100 1
ST
1326 0.3
RP 3
KP 49 100 199
KW 255 0 199
EL 136 318 100 100 1
ST
1327 0.3
RP 3
KP 49 100 198
KW 255 0 198
EL 138 316 100 100 1
ST
1328 0.3
RP 3
KP 49 100 197
KW 255 0 197
EL 140 314 100 100 1
ST
1329 0.3
RP 3
KP 49 100 196
KW 255 0 196
EL 142 312 100 100 1
ST
1330 0.3
RP 3
KP 49 100 195
KW 255 0 195
EL 144 310 100 100 1
ST
1331 0.3
RP 3
KP 49 100 194
KW 255 0 194
EL 146 308 100 100 1
ST
1332 0.3
RP 3
KP 49 100 193
KW 255 0 193
EL 148 306 100 100 1
ST
1333 0.3
RP 3
KP 49 100 192
KW 255 0 192
EL 150 304 100 100 1
ST
1334 0.3
RP 3
KP 49 100 191
KW 255 0 191
EL 152 302 100 100 1
ST
1335 0.3
RP 3
KP 49 100 190
KW 255 0 190
EL 154 300 100 100 1
ST
1336 0.3
RP 3
KP 49 100 189
KW 255 0 189
EL 156 298 100 100 1
ST
1337 0.3
RP 3
KP 49 100 188
KW 255 0 188
EL 158 296 100 100 1
ST
1338 0.3
RP 3
KP 49 100 187
KW 255 0 187
EL 160 294 100 100 1
ST
1339 0.3
RP 3
KP 49 100 186
KW 255 0 186
EL 162 292 100 100 1
ST
1340 0.3
RP 3
KP 49 100 185
KW 255 0 185
EL 164 290 100 100 1
ST
1341 0.3
RP 3
KP 49 100 184
KW 255 0 184
EL 166 288 100 100 1
ST
1342 0.3
RP 3
KP 49 100 183
KW 255 0 183
EL 168 286 100 100 1
ST
1343 0.3
RP 3
KP 49 100 182
KW 255 0 182
EL 170 284 100 100 1
ST
1344 0.3
RP 3
KP 49 100 181
KW 255 0 181
EL 172 282 100 100 1
ST
1345 0.3
RP 3
KP 49 100 180
KW 255 0 180
EL 174 280 100 100 1
ST
1346 0.3
RP 3
KP 49 100 179
KW 255 0 179
EL 176 278 100 100 1
ST
1347 0.3
RP 3
KP 49 100 178
KW 255 0 178
EL 178 276 100 100 1
ST
1348 0.3
RP 3
KP 49 100 177
KW 255 0 177
EL 180 274 100 100 1
ST
1349 0.3
RP 3
KP 49 100 176
KW 255 0 176
EL 182 272 100 100 1
ST
1350 0.3
RP 3
KP 49 100 175
KW 255 0 175
EL 184 270 100 100 1
ST
1351 0.3
RP 3
KP 49 100 174
KW 255 0 174
EL 186 268 100 100 1
ST
1352 0.3
RP 3
KP 49 100 173
KW 255 0 173
EL 188 266 100 100 1
ST
1353 0.3
RP 3
KP 49 100 172
KW 255 0 172
EL 190 264 100 100 1
ST
1354 0.3
RP 3
KP 49 100 171
KW 255 0 171
EL 192 262 100 100 1
ST
1355 0.3
RP 3
KP 49 100 170
KW 255 0 170
EL 194 260 100 100 1
ST
1356 0.3
RP 3
KP 49 100 169
KW 255 0 169
EL 196 258 100 100 1
ST
1357 0.3
RP 3
KP 49 100 168
KW 255 0 168
EL 198 256 100 100 1
ST
1358 0.3
RP 3
KP 49 100 167
KW 255 0 167
EL 200 254 100 100 1
ST
1359 0.3
RP 3
KP 49 100 166
KW 255 0 166
EL 202 252 100 100 1
ST
1360 0.3
RP 3
KP 49 100 165
KW 255 0 165
EL 204 250 100 100 1
ST
1361 0.3
RP 3
KP 49 100 164
KW 255 0 164
EL 206 248 100 100 1
ST
1362 0.3
RP 3
KP 49 100 163
KW 255 0 163
EL 208 246 100 100 1
ST
1363 0.3
RP 3
KP 49 100 162
KW 255 0 162
EL 210 244 100 100 1
ST
1364 0.3
RP 3
KP 49 100 161
KW 255 0 161
EL 212 242 100 100 1
ST
1365 0.3
RP 3
KP 49 100 160
KW 255 0 160
EL 214 240 100 100 1
ST
1366 0.3
RP 3
KP 49 100 159
KW 255 0 159
EL 216 238 100 100 1
ST
1367 0.3
RP 3
KP 49 100 158
KW 255 0 158
EL 218 236 100 100 1
ST
1368 0.3
RP 3
KP 49 100 157
KW 255 0 157
EL 220 234 100 100 1
ST
1369 0.3
RP 3
KP 49 100 156
KW 255 0 156
EL 222 232 100 100 1
ST
1370 0.3
RP 3
KP 49 100 155
KW 255 0 155
EL 224 230 100 100 1
ST
1371 0.3
RP 3
KP 49 100 154
KW 255 0 154
EL 226 228 100 100 1
ST
1372 0.3
RP 3
KP 49 100 153
KW 255 0 153
EL 228 226 100 100 1
ST
1373 0.3
RP 3
KP 49 100 152
KW 255 0 152
EL 230 224 100 100 1
ST
1374 0.3
RP 3
KP 49 100 151
KW 255 0 151
EL 232 222 100 100 1
ST
1375 0.3
RP 3
KP 49 100 150
KW 255 0 150
EL 234 220 100 100 1
ST
1376 0.3
RP 3
KP 49 100 149
KW 255 0 149
EL 236 218 100 100 1
ST
1377 0.3
RP 3
KP 49 100 148
KW 255 0 148
EL 238 216 100 100 1
ST
1378 0.3
RP 3
KP 49 100 147
KW 255 0 147
EL 240 214 100 100 1
ST
1379 0.3
RP 3
KP 49 100 146
KW 255 0 146
EL 242 212 100 100 1
ST
1380 0.3
RP 3
KP 49 100 145
KW 255 0 145
EL 244 210 100 100 1
ST
1381 0.3
RP 3
KP 49 100 144
KW 255 0 144
EL 246 208 100 100 1
ST
1382 0.3
RP 3
KP 49 100 143
KW 255 0 143
EL 248 206 100 100 1
ST
1383 0.3
RP 3
KP 49 100 142
KW 255 0 142
EL 250 204 100 100 1
ST
1384 0.3
RP 3
KP 49 100 141
KW 255 0 141
EL 252 202 100 100 1
ST
1385 0.3
RP 3
KP 49 100 140
KW 255 0 140
EL 254 200 100 100 1
ST
1386 0.3
RP 3
KP 49 100 139
KW 255 0 139
EL 256 198 100 100 1
ST
1387 0.3
RP 3
KP 49 100 138
KW 255 0 138
EL 258 196 100 100 1
ST
1388 0.3
RP 3
KP 49 100 137
KW 255 0 137
EL 260 194 100 100 1
ST
1389 0.3
RP 3
KP 49 100 136
KW 255 0 136
EL 262 192 100 100 1
ST
1390 0.3
RP 3
KP 49 100 135
KW 255 0 135
EL 264 190 100 100 1
ST
1391 0.3
RP 3
KP 49 100 134
KW 255 0 134
EL 266 188 100 100 1
ST
1392 0.3
RP 3
KP 49 100 133
KW 255 0 133
EL 268 186 100 100 1
ST
1393 0.3
RP 3
KP 49 100 132
KW 255 0 132
EL 270 184 100 100 1
ST
1394 0.3
RP 3
KP 49 100 131
KW 255 0 131
EL 272 182 100 100 1
ST
1395 0.3
RP 3
KP 49 100 130
KW 255 0 130
EL 274 180 100 100 1
ST
1396 0.3
RP 3
KP 49 100 129
KW 255 0 129
EL 276 178 100 100 1
ST
1397 0.3
RP 3
KP 49 100 128
KW 255 0 128
EL 278 176 100 100 1
ST
1398 0.3
RP 3
KP 49 100 127
KW 255 0 127
EL 280 174 100 100 1
ST
1399 0.3
RP 3
KP 49 100 126
KW 255 0 126
EL 282 172 100 100 1
ST
1400 0.3
RP 3
KP 49 100 125
KW 255 0 125
EL 284 170 100 100 1
ST
1401 0.3
RP 3
KP 49 100 124
KW 255 0 124
EL 286 168 100 100 1
ST
1402 0.3
RP 3
KP 49 100 123
KW 255 0 123
EL 288 166 100 100 1
ST
1403 0.3
RP 3
KP 49 100 122
KW 255 0 122
EL 290 164 100 100 1
ST
1404 0.3
RP 3
KP 49 100 121
KW 255 0 121
EL 292 162 100 100 1
ST
1405 0.3
RP 3
KP 49 100 120
KW 255 0 120
EL 294 160 100 100 1
ST
1406 0.3
RP 3
KP 49 100 119
KW 255 0 119
EL 296 158 100 100 1
ST
1407 0.3
RP 3
KP 49 100 118
KW 255 0 118
EL 298 156 100 100 1
ST
1408 0.3
RP 3
KP 49 100 117
KW 255 0 117
EL 300 154 100 100 1
ST
1409 0.3
RP 3
KP 49 100 116
KW 255 0 116
EL 302 152 100 100 1
ST
1410 0.3
RP 3
KP 49 100 115
KW 255 0 115
EL 304 150 100 100 1
ST
1411 0.3
RP 3
KP 49 100 114
KW 255 0 114
EL 306 148 100 100 1
ST
1412 0.3
RP 3
KP 49 100 113
KW 255 0 113
EL 308 146 100 100 1
ST
1413 0.3
RP 3
KP 49 100 112
KW 255 0 112
EL 310 144 100 100 1
ST
1414 0.3
RP 3
KP 49 100 111
KW 255 0 111
EL 312 142 100 100 1
ST
1415 0.3
RP 3
KP 49 100 110
KW 255 0 110
EL 314 140 100 100 1
ST
1416 0.3
RP 3
KP 49 100 109
KW 255 0 109
EL 316 138 100 100 1
ST
1417 0.3
RP 3
KP 49 100 108
KW 255 0 108
EL 318 136 100 100 1
ST
1418 0.3
RP 3
KP 49 100 107
KW 255 0 107
EL 320 134 100 100 1
ST
1419 0.3
RP 3
KP 49 100 106
KW 255 0 106
EL 322 132 100 100 1
ST
1420 0.3
RP 3
KP 49 100 105
KW 255 0 105
EL 324 130 100 100 1
ST
1421 0.3
RP 3
KP 49 100 104
KW 255 0 104
EL 326 128 100 100 1
ST
1422 0.3
RP 3
KP 49 100 103
KW 255 0 103
EL 328 126 100 100 1
ST
1423 0.3
RP 3
KP 49 100 102
KW 255 0 102
EL 330 124 100 100 1
ST
1424 0.3
RP 3
KP 49 100 101
KW 255 0 101
EL 332 122 100 100 1
ST
1425 0.3
RP 3
KP 49 100 100
KW 255 0 100
EL 334 120 100 100 1
ST
1426 0.3
RP 3
KP 49 100 99
KW 255 0 99
EL 336 118 100 100 1
ST
1427 0.3
RP 3
KP 49 100 98
KW 255 0 98
EL 338 116 100 100 1
ST
1428 0.3
RP 3
KP 49 100 97
KW 255 0 97
EL 340 114 100 100 1
ST
1429 0.3
RP 3
KP 49 100 96
KW 255 0 96
EL 342 112 100 100 1
ST
1430 0.3
RP 3
KP 49 100 95
KW 255 0 95
EL 344 110 100 100 1
ST
1431 0.3
RP 3
KP 49 100 94
KW 255 0 94
EL 346 108 100 100 1
ST
1432 0.3
RP 3
KP 49 100 93
KW 255 0 93
EL 348 106 100 100 1
ST
1433 0.3
RP 3
KP 49 100 92
KW 255 0 92
EL 350 104 100 100 1
ST
1434 0.3
RP 3
KP 49 100 91
KW 255 0 91
EL 352 102 100 100 1
ST
1435 0.3
RP 3
KP 49 100 90
KW 255 0 90
EL 354 100 100 100 1
ST
1436 0.3
RP 3
KP 49 100 89
KW 255 0 89
EL 356 98 100 100 1
ST
1437 0.3
RP 3
KP 49 100 88
KW 255 0 88
EL 358 96 100 100 1
ST
1438 0.3
RP 3
KP 49 100 87
KW 255 0 87
EL 360 94 100 100 1
ST
1439 0.3
RP 3
KP 49 100 86
KW 255 0 86
EL 362 92 100 100 1
ST
1440 0.3
RP 3
KP 49 100 85
KW 255 0 85
EL 364 90 100 100 1
ST
1441 0.3
RP 3
KP 49 100 84
KW 255 0 84
EL 366 88 100 100 1
ST
1442 0.3
RP 3
KP 49 100 83
KW 255 0 83
EL 368 86 100 100 1
ST
1443 0.3
RP 3
KP 49 100 82
KW 255 0 82
EL 370 84 100 100 1
ST
1444 0.3
RP 3
KP 49 100 81
KW 255 0 81
EL 372 82 100 100 1
ST
1445 0.3
RP 3
KP 49 100 80
KW 255 0 80
EL 374 80 100 100 1
ST
1446 0.3
RP 3
KP 49 100 79
KW 255 0 79
EL 376 78 100 100 1
ST
1447 0.3
RP 3
KP 49 100 78
KW 255 0 78
EL 378 76 100 100 1
ST
1448 0.3
RP 3
KP 49 100 77
KW 255 0 77
EL 380 74 100 100 1
ST
1449 0.3
RP 3
KP 49 100 76
KW 255 0 76
EL 382 72 100 100 1
ST
1450 0.3
RP 3
KP 49 100 75
KW 255 0 75
EL 384 70 100 100 1
ST
1451 0.3
RP 3
KP 49 100 74
KW 255 0 74
EL 386 68 100 100 1
ST
1452 0.3
RP 3
KP 49 100 73
KW 255 0 73
EL 388 66 100 100 1
ST
1453 0.3
RP 3
KP 49 100 72
KW 255 0 72
EL 390 64 100 100 1
ST
1454 0.3
RP 3
KP 49 100 71
KW 255 0 71
EL 392 62 100 100 1
ST
1455 0.3
RP 3
KP 49 100 70
KW 255 0 70
EL 394 60 100 100 1
ST
1456 0.3
RP 3
KP 49 100 69
KW 255 0 69
EL 396 58 100 100 1
ST
1457 0.3
RP 3
KP 49 100 68
KW 255 0 68
EL 398 56 100 100 1
ST
1458 0.3
RP 3
KP 49 100 67
KW 255 0 67
EL 400 54 100 100 1
ST
1459 0.3
RP 3
KP 49 100 66
KW 255 0 66
EL 402 52 100 100 1
ST
1460 0.3
RP 3
KP 49 100 65
KW 255 0 65
EL 404 50 100 100 1
ST
1461 0.3
RP 3
KP 49 100 64
KW 255 0 64
EL 406 48 100 100 1
ST
1462 0.3
RP 3
KP 49 100 63
KW 255 0 63
EL 408 46 100 100 1
ST
1463 0.3
RP 3
KP 49 100 62
KW 255 0 62
EL 410 44 100 100 1
ST
1464 0.3
RP 3
KP 49 100 61
KW 255 0 61
EL 412 42 100 100 1
ST
1465 0.3
RP 3
KP 49 100 60
KW 255 0 60
EL 414 40 100 100 1
ST
1466 0.3
RP 3
KP 49 100 59
KW 255 0 59
EL 416 38 100 100 1
ST
1467 0.3
RP 3
KP 49 100 58
KW 255 0 58
EL 418 36 100 100 1
ST
1468 0.3
RP 3
KP 49 100 57
KW 255 0 57
EL 420 34 100 100 1
ST
1469 0.3
RP 3
KP 49 100 56
KW 255 0 56
EL 422 32 100 100 1
ST
1470 0.3
RP 3
KP 49 100 55
KW 255 0 55
EL 424 30 100 100 1
ST
1471 0.3
RP 3
KP 49 100 54
KW 255 0 54
EL 426 28 100 100 1
ST
1472 0.3
RP 3
KP 49 100 53
KW 255 0 53
EL 428 26 100 100 1
ST
1473 0.3
RP 3
KP 49 100 52
KW 255 0 52
EL 430 24 100 100 1
ST
1474 0.3
RP 3
KP 49 100 51
KW 255 0 51
EL 432 22 100 100 1
ST
1475 0.3
RP 3
KP 49 100 50
KW 255 0 50
EL 434 20 100 100 1
ST
1476 0.3
RP 3
KP 49 100 49
KW 255 0 49
EL 436 18 100 100 1
ST
1477 0.3
RP 3
KP 49 100 48
KW 255 0 48
EL 438 16 100 100 1
ST
1478 0.3
RP 3
KP 49 100 47
KW 255 0 47
EL 440 14 100 100 1
ST
1479 0.3
RP 3
KP 49 100 46
KW 255 0 46
EL 442 12 100 100 1
ST
1480 0.3
RP 3
KP 49 100 45
KW 255 0 45
EL 444 10 100 100 1
ST
1481 0.3
RP 3
KP 49 100 44
KW 255 0 44
EL 446 8 100 100 1
ST
1482 0.3
RP 3
KP 49 100 43
KW 255 0 43
EL 448 6 100 100 1
ST
1483 0.3
RP 3
KP 49 100 42
KW 255 0 42
EL 450 4 100 100 1
ST
1484 0.3
RP 3
KP 49 100 41
KW 255 0 41
EL 452 2 100 100 1
ST
1485 0.3
RP 3
KP 49 100 40
KW 255 0 40
EL 454 0 100 100 1
ST
1486 0.3
RP 3
KP 49 100 39
KW 255 0 39
EL 456 -2 100 100 1
ST
1487 0.3
RP 3
KP 49 100 38
KW 255 0 38
EL 458 0 100 100 1
ST
1488 0.3
RP 3
KP 49 100 37
KW 255 0 37
EL 460 2 100 100 1
ST
1489 0.3
RP 3
KP 49 100 36
KW 255 0 36
EL 462 4 100 100 1
ST
1490 0.3
RP 3
KP 49 100 35
KW 255 0 35
EL 464 6 100 100 1
ST
1491 0.3
RP 3
KP 49 100 34
KW 255 0 34
EL 466 8 100 100 1
ST
1492 0.3
RP 3
KP 49 100 33
KW 255 0 33
EL 468 10 100 100 1
ST
1493 0.3
RP 3
KP 49 100 32
KW 255 0 32
EL 470 12 100 100 1
ST
1494 0.3
RP 3
KP 49 100 31
KW 255 0 31
EL 472 14 100 100 1
ST
1495 0.3
RP 3
KP 49 100 30
KW 255 0 30
EL 474 16 100 100 1
ST
1496 0.3
RP 3
KP 49 100 29
KW 255 0 29
EL 476 18 100 100 1
ST
1497 0.3
RP 3
KP 49 100 28
KW 255 0 28
EL 478 20 100 100 1
ST
1498 0.3
RP 3
KP 49 100 27
KW 255 0 27
EL 480 22 100 100 1
ST
1499 0.3
RP 3
KP 49 100 26
KW 255 0 26
EL 482 24 100 100 1
ST
1500 0.3
RP 3
KP 49 100 25
KW 255 0 25
EL 484 26 100 100 1
ST
1501 0.3
RP 3
KP 49 100 24
KW 255 0 24
EL 486 28 100 100 1
ST
1502 0.3
RP 3
KP 49 100 23
KW 255 0 23
EL 488 30 100 100 1
ST
1503 0.3
RP 3
KP 49 100 22
KW 255 0 22
EL 490 32 100 100 1
ST
1504 0.3
RP 3
KP 49 100 21
KW 255 0 21
EL 492 34 100 100 1
ST
1505 0.3
RP 3
KP 49 100 20
KW 255 0 20
EL 494 36 100 100 1
ST
1506 0.3
RP 3
KP 49 100 19
KW 255 0 19
EL 496 38 100 100 1
ST
1507 0.3
RP 3
KP 49 100 18
KW 255 0 18
EL 498 40 100 100 1
ST
1508 0.3
RP 3
KP 49 100 17
KW 255 0 17
EL 500 42 100 100 1
ST
1509 0.3
RP 3
KP 49 100 16
KW 255 0 16
EL 502 44 100 100 1
ST
1510 0.3
RP 3
KP 49 100 15
KW 255 0 15
EL 504 46 100 100 1
ST
1511 0.3
RP 3
KP 49 100 14
KW 255 0 14
EL 506 48 100 100 1
ST
1512 0.3
RP 3
KP 49 100 13
KW 255 0 13
EL 508 50 100 100 1
ST
1513 0.3
RP 3
KP 49 100 12
KW 255 0 12
EL 510 52 100 100 1
ST
1514 0.3
RP 3
KP 49 100 11
KW 255 0 11
EL 512 54 100 100 1
ST
1515 0.3
RP 3
KP 49 100 10
KW 255 0 10
EL 514 56 100 100 1
ST
1516 0.3
RP 3
KP 49 100 9
KW 255 0 9
EL 516 58 100 100 1
ST
1517 0.3
RP 3
KP 49 100 8
KW 255 0 8
EL 518 60 100 100 1
ST
1518 0.3
RP 3
KP 49 100 7
KW 255 0 7
EL 520 62 100 100 1
ST
1519 0.3
RP 3
KP 49 100 6
KW 255 0 6
EL 522 64 100 100 1
ST
1520 0.3
RP 3
KP 49 100 5
KW 255 0 5
EL 524 66 100 100 1
ST
1521 0.3
RP 3
KP 49 100 4
KW 255 0 4
EL 526 68 100 100 1
ST
1522 0.3
RP 3
KP 49 100 3
KW 255 0 3
EL 528 70 100 100 1
ST
1523 0.3
RP 3
KP 49 100 2
KW 255 0 2
EL 530 72 100 100 1
ST
1524 0.3
RP 3
KP 49 100 1
KW 255 0 1
EL 532 74 100 100 1
ST
1525 0.3
RP 3
KP 49 100 0
KW 255 0 0
EL 534 76 100 100 1
ST
1526 0.3
RP 3
KP 49 101 0
KW 255 1 0
EL 536 78 100 100 1
ST
1527 0.3
RP 3
KP 49 102 0
KW 255 2 0
EL 538 80 100 100 1
ST
1528 0.3
RP 3
KP 49 103 0
KW 255 3 0
EL 540 82 100 100 1
ST
1529 0.3
RP 3
KP 49 104 0
KW 255 4 0
EL 542 84 100 100 1
ST
1530 0.3
RP 3
KP 49 105 0
KW 255 5 0
EL 544 86 100 100 1
ST
1531 0.3
RP 3
KP 49 106 0
KW 255 6 0
EL 546 88 100 100 1
ST
1532 0.3
RP 3
KP 49 107 0
KW 255 7 0
EL 548 90 100 100 1
ST
1533 0.3
RP 3
KP 49 108 0
KW 255 8 0
EL 550 92 100 100 1
ST
1534 0.3
RP 3
KP 49 109 0
KW 255 9 0
EL 552 94 100 100 1
ST
1535 0.3
RP 3
KP 49 110 0
KW 255 10 0
EL 554 96 100 100 1
ST
1536 0.3
RP 3
KP 49 111 0
KW 255 11 0
EL 556 98 100 100 1
ST
1537 0.3
RP 3
KP 49 112 0
KW 255 12 0
EL 558 100 100 100 1
ST
1538 0.3
RP 3
KP 49 113 0
KW 255 13 0
EL 560 102 100 100 1
ST
1539 0.3
RP 3
KP 49 114 0
KW 255 14 0
EL 562 104 100 100 1
ST
1540 0.3
RP 3
KP 49 115 0
KW 255 15 0
EL 564 106 100 100 1
ST
1541 0.3
RP 3
KP 49 116 0
KW 255 16 0
EL 566 108 100 100 1
ST
1542 0.3
RP 3
KP 49 117 0
KW 255 17 0
EL 568 110 100 100 1
ST
1543 0.3
RP 3
KP 49 118 0
KW 255 18 0
EL 570 112 100 100 1
ST
1544 0.3
RP 3
KP 49 119 0
KW 255 19 0
EL 572 114 100 100 1
ST
1545 0.3
RP 3
KP 49 120 0
KW 255 20 0
EL 574 116 100 100 1
ST
1546 0.3
RP 3
KP 49 121 0
KW 255 21 0
EL 576 118 100 100 1
ST
1547 0.3
RP 3
KP 49 122 0
KW 255 22 0
EL 578 120 100 100 1
ST
1548 0.3
RP 3
KP 49 123 0
KW 255 23 0
EL 580 122 100 100 1
ST
1549 0.3
RP 3
KP 49 124 0
KW 255 24 0
EL 582 124 100 100 1
ST
1550 0.3
RP 3
KP 49 125 0
KW 255 25 0
EL 584 126 100 100 1
ST
1551 0.3
RP 3
KP 49 126 0
KW 255 26 0
EL 586 128 100 100 1
ST
1552 0.3
RP 3
KP 49 127 0
KW 255 27 0
EL 588 130 100 100 1
ST
1553 0.3
RP 3
KP 49 128 0
KW 255 28 0
EL 590 132 100 100 1
ST
1554 0.3
RP 3
KP 49 129 0
KW 255 29 0
EL 592 134 100 100 1
ST
1555 0.3
RP 3
KP 49 130 0
KW 255 30 0
EL 594 136 100 100 1
ST
1556 0.3
RP 3
KP 49 131 0
KW 255 31 0
EL 596 138 100 100 1
ST
1557 0.3
RP 3
KP 49 132 0
KW 255 32 0
EL 598 140 100 100 1
ST
1558 0.3
RP 3
KP 49 133 0
KW 255 33 0
EL 600 142 100 100 1
ST
1559 0.3
RP 3
KP 49 134 0
KW 255 34 0
EL 602 144 100 100 1
ST
1560 0.3
RP 3
KP 49 135 0
KW 255 35 0
EL 604 146 100 100 1
ST
1561 0.3
RP 3
KP 49 136 0
KW 255 36 0
EL 606 148 100 100 1
ST
1562 0.3
RP 3
KP 49 137 0
KW 255 37 0
EL 608 150 100 100 1
ST
1563 0.3
RP 3
KP 49 138 0
KW 255 38 0
EL 610 152 100 100 1
ST
1564 0.3
RP 3
KP 49 139 0
KW 255 39 0
EL 612 154 100 100 1
ST
1565 0.3
RP 3
KP 49 140 0
KW 255 40 0
EL 614 156 100 100 1
ST
1566 0.3
RP 3
KP 49 141 0
KW 255 41 0
EL 616 158 100 100 1
ST
1567 0.3
RP 3
KP 49 142 0
KW 255 42 0
EL 618 160 100 100 1
ST
1568 0.3
RP 3
KP 49 143 0
KW 255 43 0
EL 620 162 100 100 1
ST
1569 0.3
RP 3
KP 49 144 0
KW 255 44 0
EL 622 164 100 100 1
ST
1570 0.3
RP 3
KP 49 145 0
KW 255 45 0
EL 624 166 100 100 1
ST
1571 0.3
RP 3
KP 49 146 0
KW 255 46 0
EL 626 168 100 100 1
ST
1572 0.3
RP 3
KP 49 147 0
KW 255 47 0
EL 628 170 100 100 1
ST
1573 0.3
RP 3
KP 49 148 0
KW 255 48 0
EL 630 172 100 100 1
ST
1574 0.3
RP 3
KP 49 149 0
KW 255 49 0
EL 632 174 100 100 1
ST
1575 0.3
RP 3
KP 49 150 0
KW 255 50 0
EL 634 176 100 100 1
ST
1576 0.3
RP 3
KP 49 151 0
KW 255 51 0
EL 636 178 100 100 1
ST
1577 0.3
RP 3
KP 49 152 0
KW 255 52 0
EL 638 180 100 100 1
ST
1578 0.3
RP 3
KP 49 153 0
KW 255 53 0
EL 640 182 100 100 1
ST
1579 0.3
RP 3
KP 49 154 0
KW 255 54 0
EL 642 184 100 100 1
ST
1580 0.3
RP 3
KP 49 155 0
KW 255 55 0
EL 644 186 100 100 1
ST
1581 0.3
RP 3
KP 49 156 0
KW 255 56 0
EL 646 188 100 100 1
ST
1582 0.3
RP 3
KP 49 157 0
KW 255 57 0
EL 648 190 100 100 1
ST
1583 0.3
RP 3
KP 49 158 0
KW 255 58 0
EL 650 192 100 100 1
ST
1584 0.3
RP 3
KP 49 159 0
KW 255 59 0
EL 652 194 100 100 1
ST
1585 0.3
RP 3
KP 49 160 0
KW 255 60 0
EL 654 196 100 100 1
ST
1586 0.3
RP 3
KP 49 161 0
KW 255 61 0
EL 656 198 100 100 1
ST
1587 0.3
RP 3
KP 49 162 0
KW 255 62 0
EL 658 200 100 100 1
ST
1588 0.3
RP 3
KP 49 163 0
KW 255 63 0
EL 660 202 100 100 1
ST
1589 0.3
RP 3
KP 49 164 0
KW 255 64 0
EL 662 204 100 100 1
ST
1590 0.3
RP 3
KP 49 165 0
KW 255 65 0
EL 664 206 100 100 1
ST
1591 0.3
RP 3
KP 49 166 0
KW 255 66 0
EL 666 208 100 100 1
ST
1592 0.3
RP 3
KP 49 167 0
KW 255 67 0
EL 668 210 100 100 1
ST
1593 0.3
RP 3
KP 49 168 0
KW 255 68 0
EL 670 212 100 100 1
ST
1594 0.3
RP 3
KP 49 169 0
KW 255 69 0
EL 672 214 100 100 1
ST
1595 0.3
RP 3
KP 49 170 0
KW 255 70 0
EL 674 216 100 100 1
ST
1596 0.3
RP 3
KP 49 171 0
KW 255 71 0
EL 676 218 100 100 1
ST
1597 0.3
RP 3
KP 49 172 0
KW 255 72 0
EL 678 220 100 100 1
ST
1598 0.3
RP 3
KP 49 173 0
KW 255 73 0
EL 680 222 100 100 1
ST
1599 0.3
RP 3
KP 49 174 0
KW 255 74 0
EL 682 224 100 100 1
ST
1600 0.3
RP 3
KP 49 175 0
KW 255 75 0
EL 684 226 100 100 1
ST
