800 600 
1 100
RP 3
KP 49 101 0
KW 255 1 0
EL 310 60 100 150 1
ST
2 100
RP 3
KP 49 102 0
KW 255 2 0
EL 320 70 100 150 1
ST
3 100
RP 3
KP 49 103 0
KW 255 3 0
EL 330 80 100 150 1
ST
4 100
RP 3
KP 49 104 0
KW 255 4 0
EL 340 90 100 150 1
ST
5 100
RP 3
KP 49 105 0
KW 255 5 0
EL 350 100 100 150 1
ST
6 100
RP 3
KP 49 106 0
KW 255 6 0
EL 360 110 100 150 1
ST
7 100
RP 3
KP 49 107 0
KW 255 7 0
EL 370 120 100 150 1
ST
8 100
RP 3
KP 49 108 0
KW 255 8 0
EL 380 130 100 150 1
ST
9 100
RP 3
KP 49 109 0
KW 255 9 0
EL 390 140 100 150 1
ST
10 100
RP 3
KP 49 110 0
KW 255 10 0
EL 400 150 100 150 1
ST
11 100
RP 3
KP 49 111 0
KW 255 11 0
EL 410 160 100 150 1
ST
12 100
RP 3
KP 49 112 0
KW 255 12 0
EL 420 170 100 150 1
ST
13 100
RP 3
KP 49 113 0
KW 255 13 0
EL 430 180 100 150 1
ST
14 100
RP 3
KP 49 114 0
KW 255 14 0
EL 440 190 100 150 1
ST
15 100
RP 3
KP 49 115 0
KW 255 15 0
EL 450 200 100 150 1
ST
